QUBIT_COORDS(0, 8) 0
QUBIT_COORDS(1, 7) 1
QUBIT_COORDS(1, 9) 2
QUBIT_COORDS(2, 6) 3
QUBIT_COORDS(2, 8) 4
QUBIT_COORDS(2, 10) 5
QUBIT_COORDS(3, 5) 6
QUBIT_COORDS(3, 7) 7
QUBIT_COORDS(3, 9) 8
QUBIT_COORDS(3, 11) 9
QUBIT_COORDS(4, 4) 10
QUBIT_COORDS(4, 6) 11
QUBIT_COORDS(4, 8) 12
QUBIT_COORDS(4, 10) 13
QUBIT_COORDS(4, 12) 14
QUBIT_COORDS(5, 3) 15
QUBIT_COORDS(5, 5) 16
QUBIT_COORDS(5, 7) 17
QUBIT_COORDS(5, 9) 18
QUBIT_COORDS(5, 11) 19
QUBIT_COORDS(5, 13) 20
QUBIT_COORDS(6, 2) 21
QUBIT_COORDS(6, 4) 22
QUBIT_COORDS(6, 6) 23
QUBIT_COORDS(6, 8) 24
QUBIT_COORDS(6, 10) 25
QUBIT_COORDS(6, 12) 26
QUBIT_COORDS(6, 14) 27
QUBIT_COORDS(7, 1) 28
QUBIT_COORDS(7, 3) 29
QUBIT_COORDS(7, 5) 30
QUBIT_COORDS(7, 7) 31
QUBIT_COORDS(7, 9) 32
QUBIT_COORDS(7, 11) 33
QUBIT_COORDS(7, 13) 34
QUBIT_COORDS(7, 15) 35
QUBIT_COORDS(8, 0) 36
QUBIT_COORDS(8, 2) 37
QUBIT_COORDS(8, 4) 38
QUBIT_COORDS(8, 6) 39
QUBIT_COORDS(8, 8) 40
QUBIT_COORDS(8, 10) 41
QUBIT_COORDS(8, 12) 42
QUBIT_COORDS(8, 14) 43
QUBIT_COORDS(8, 16) 44
QUBIT_COORDS(9, 1) 45
QUBIT_COORDS(9, 3) 46
QUBIT_COORDS(9, 5) 47
QUBIT_COORDS(9, 7) 48
QUBIT_COORDS(9, 9) 49
QUBIT_COORDS(9, 11) 50
QUBIT_COORDS(9, 13) 51
QUBIT_COORDS(9, 15) 52
QUBIT_COORDS(10, 2) 53
QUBIT_COORDS(10, 4) 54
QUBIT_COORDS(10, 6) 55
QUBIT_COORDS(10, 8) 56
QUBIT_COORDS(10, 10) 57
QUBIT_COORDS(10, 12) 58
QUBIT_COORDS(10, 14) 59
QUBIT_COORDS(11, 3) 60
QUBIT_COORDS(11, 5) 61
QUBIT_COORDS(11, 7) 62
QUBIT_COORDS(11, 9) 63
QUBIT_COORDS(11, 11) 64
QUBIT_COORDS(11, 13) 65
QUBIT_COORDS(12, 4) 66
QUBIT_COORDS(12, 6) 67
QUBIT_COORDS(12, 8) 68
QUBIT_COORDS(12, 10) 69
QUBIT_COORDS(12, 12) 70
QUBIT_COORDS(13, 5) 71
QUBIT_COORDS(13, 7) 72
QUBIT_COORDS(13, 9) 73
QUBIT_COORDS(13, 11) 74
QUBIT_COORDS(14, 6) 75
QUBIT_COORDS(14, 8) 76
QUBIT_COORDS(14, 10) 77
QUBIT_COORDS(15, 7) 78
QUBIT_COORDS(15, 9) 79
QUBIT_COORDS(16, 8) 80
QUBIT_COORDS(0, 7) 81
QUBIT_COORDS(2, 5) 82
QUBIT_COORDS(2, 7) 83
QUBIT_COORDS(2, 9) 84
QUBIT_COORDS(4, 3) 85
QUBIT_COORDS(4, 5) 86
QUBIT_COORDS(4, 7) 87
QUBIT_COORDS(4, 9) 88
QUBIT_COORDS(4, 11) 89
QUBIT_COORDS(6, 1) 90
QUBIT_COORDS(6, 3) 91
QUBIT_COORDS(6, 5) 92
QUBIT_COORDS(6, 7) 93
QUBIT_COORDS(6, 9) 94
QUBIT_COORDS(6, 11) 95
QUBIT_COORDS(6, 13) 96
QUBIT_COORDS(8, 1) 97
QUBIT_COORDS(8, 3) 98
QUBIT_COORDS(8, 5) 99
QUBIT_COORDS(8, 7) 100
QUBIT_COORDS(8, 9) 101
QUBIT_COORDS(8, 11) 102
QUBIT_COORDS(8, 13) 103
QUBIT_COORDS(8, 15) 104
QUBIT_COORDS(10, 3) 105
QUBIT_COORDS(10, 5) 106
QUBIT_COORDS(10, 7) 107
QUBIT_COORDS(10, 9) 108
QUBIT_COORDS(10, 11) 109
QUBIT_COORDS(10, 13) 110
QUBIT_COORDS(10, 15) 111
QUBIT_COORDS(12, 5) 112
QUBIT_COORDS(12, 7) 113
QUBIT_COORDS(12, 9) 114
QUBIT_COORDS(12, 11) 115
QUBIT_COORDS(12, 13) 116
QUBIT_COORDS(14, 7) 117
QUBIT_COORDS(14, 9) 118
QUBIT_COORDS(14, 11) 119
QUBIT_COORDS(16, 9) 120
QUBIT_COORDS(1, 8) 121
QUBIT_COORDS(1, 10) 122
QUBIT_COORDS(3, 6) 123
QUBIT_COORDS(3, 8) 124
QUBIT_COORDS(3, 10) 125
QUBIT_COORDS(3, 12) 126
QUBIT_COORDS(5, 4) 127
QUBIT_COORDS(5, 6) 128
QUBIT_COORDS(5, 8) 129
QUBIT_COORDS(5, 10) 130
QUBIT_COORDS(5, 12) 131
QUBIT_COORDS(5, 14) 132
QUBIT_COORDS(7, 2) 133
QUBIT_COORDS(7, 4) 134
QUBIT_COORDS(7, 6) 135
QUBIT_COORDS(7, 8) 136
QUBIT_COORDS(7, 10) 137
QUBIT_COORDS(7, 12) 138
QUBIT_COORDS(7, 14) 139
QUBIT_COORDS(7, 16) 140
QUBIT_COORDS(9, 0) 141
QUBIT_COORDS(9, 2) 142
QUBIT_COORDS(9, 4) 143
QUBIT_COORDS(9, 6) 144
QUBIT_COORDS(9, 8) 145
QUBIT_COORDS(9, 10) 146
QUBIT_COORDS(9, 12) 147
QUBIT_COORDS(9, 14) 148
QUBIT_COORDS(11, 2) 149
QUBIT_COORDS(11, 4) 150
QUBIT_COORDS(11, 6) 151
QUBIT_COORDS(11, 8) 152
QUBIT_COORDS(11, 10) 153
QUBIT_COORDS(11, 12) 154
QUBIT_COORDS(13, 4) 155
QUBIT_COORDS(13, 6) 156
QUBIT_COORDS(13, 8) 157
QUBIT_COORDS(13, 10) 158
QUBIT_COORDS(15, 6) 159
QUBIT_COORDS(15, 8) 160
R 0 1 2 3 4 5 6 7 8 9 10 11 12 13 14 15 16 17 18 19 20 21 22 23 24 25 26 27 28 29 30 31 32 33 34 35 36 37 38 39 40 41 42 43 44 45 46 47 48 49 50 51 52 53 54 55 56 57 58 59 60 61 62 63 64 65 66 67 68 69 70 71 72 73 74 75 76 77 78 79 80 121 122 123 124 125 126 127 128 129 130 131 132 133 134 135 136 137 138 139 140 141 142 143 144 145 146 147 148 149 150 151 152 153 154 155 156 157 158 159 160
X_ERROR(0.02) 0 1 2 3 4 5 6 7 8 9 10 11 12 13 14 15 16 17 18 19 20 21 22 23 24 25 26 27 28 29 30 31 32 33 34 35 36 37 38 39 40 41 42 43 44 45 46 47 48 49 50 51 52 53 54 55 56 57 58 59 60 61 62 63 64 65 66 67 68 69 70 71 72 73 74 75 76 77 78 79 80 121 122 123 124 125 126 127 128 129 130 131 132 133 134 135 136 137 138 139 140 141 142 143 144 145 146 147 148 149 150 151 152 153 154 155 156 157 158 159 160
DEPOLARIZE1(0.001) 81 82 83 84 85 86 87 88 89 90 91 92 93 94 95 96 97 98 99 100 101 102 103 104 105 106 107 108 109 110 111 112 113 114 115 116 117 118 119 120
TICK
H 0 1 2 3 4 5 6 7 8 9 10 11 12 13 14 15 16 17 18 19 20 21 22 23 24 25 26 27 28 29 30 31 32 33 34 35 36 37 38 39 40 41 42 43 44 45 46 47 48 49 50 51 52 53 54 55 56 57 58 59 60 61 62 63 64 65 66 67 68 69 70 71 72 73 74 75 76 77 78 79 80 121 122 123 124 125 126 127 128 129 130 131 132 133 134 135 136 137 138 139 140 141 142 143 144 145 146 147 148 149 150 151 152 153 154 155 156 157 158 159 160
DEPOLARIZE1(0.001) 0 1 2 3 4 5 6 7 8 9 10 11 12 13 14 15 16 17 18 19 20 21 22 23 24 25 26 27 28 29 30 31 32 33 34 35 36 37 38 39 40 41 42 43 44 45 46 47 48 49 50 51 52 53 54 55 56 57 58 59 60 61 62 63 64 65 66 67 68 69 70 71 72 73 74 75 76 77 78 79 80 121 122 123 124 125 126 127 128 129 130 131 132 133 134 135 136 137 138 139 140 141 142 143 144 145 146 147 148 149 150 151 152 153 154 155 156 157 158 159 160 81 82 83 84 85 86 87 88 89 90 91 92 93 94 95 96 97 98 99 100 101 102 103 104 105 106 107 108 109 110 111 112 113 114 115 116 117 118 119 120
TICK
CZ 121 4 122 5 123 11 124 12 125 13 126 14 127 22 128 23 129 24 130 25 131 26 132 27 133 37 134 38 135 39 136 40 137 41 138 42 139 43 140 44 142 53 143 54 144 55 145 56 146 57 147 58 148 59 150 66 151 67 152 68 153 69 154 70 156 75 157 76 158 77 160 80
DEPOLARIZE2(0.01) 121 4 122 5 123 11 124 12 125 13 126 14 127 22 128 23 129 24 130 25 131 26 132 27 133 37 134 38 135 39 136 40 137 41 138 42 139 43 140 44 142 53 143 54 144 55 145 56 146 57 147 58 148 59 150 66 151 67 152 68 153 69 154 70 156 75 157 76 158 77 160 80
DEPOLARIZE1(0.001) 0 1 2 3 6 7 8 9 10 15 16 17 18 19 20 21 28 29 30 31 32 33 34 35 36 45 46 47 48 49 50 51 52 60 61 62 63 64 65 71 72 73 74 78 79 81 82 83 84 85 86 87 88 89 90 91 92 93 94 95 96 97 98 99 100 101 102 103 104 105 106 107 108 109 110 111 112 113 114 115 116 117 118 119 120 141 149 155 159
TICK
CZ 121 1 122 2 123 6 124 7 125 8 126 9 127 15 128 16 129 17 130 18 131 19 132 20 133 28 134 29 135 30 136 31 137 32 138 33 139 34 140 35 142 45 143 46 144 47 145 48 146 49 147 50 148 51 150 60 151 61 152 62 153 63 154 64 156 71 157 72 158 73 160 78
DEPOLARIZE2(0.01) 121 1 122 2 123 6 124 7 125 8 126 9 127 15 128 16 129 17 130 18 131 19 132 20 133 28 134 29 135 30 136 31 137 32 138 33 139 34 140 35 142 45 143 46 144 47 145 48 146 49 147 50 148 51 150 60 151 61 152 62 153 63 154 64 156 71 157 72 158 73 160 78
DEPOLARIZE1(0.001) 0 3 4 5 10 11 12 13 14 21 22 23 24 25 26 27 36 37 38 39 40 41 42 43 44 52 53 54 55 56 57 58 59 65 66 67 68 69 70 74 75 76 77 79 80 81 82 83 84 85 86 87 88 89 90 91 92 93 94 95 96 97 98 99 100 101 102 103 104 105 106 107 108 109 110 111 112 113 114 115 116 117 118 119 120 141 149 155 159
TICK
CZ 121 2 123 7 124 8 125 9 127 16 128 17 129 18 130 19 131 20 133 29 134 30 135 31 136 32 137 33 138 34 139 35 141 45 142 46 143 47 144 48 145 49 146 50 147 51 148 52 149 60 150 61 151 62 152 63 153 64 154 65 155 71 156 72 157 73 158 74 159 78 160 79
DEPOLARIZE2(0.01) 121 2 123 7 124 8 125 9 127 16 128 17 129 18 130 19 131 20 133 29 134 30 135 31 136 32 137 33 138 34 139 35 141 45 142 46 143 47 144 48 145 49 146 50 147 51 148 52 149 60 150 61 151 62 152 63 153 64 154 65 155 71 156 72 157 73 158 74 159 78 160 79
DEPOLARIZE1(0.001) 0 1 3 4 5 6 10 11 12 13 14 15 21 22 23 24 25 26 27 28 36 37 38 39 40 41 42 43 44 53 54 55 56 57 58 59 66 67 68 69 70 75 76 77 80 81 82 83 84 85 86 87 88 89 90 91 92 93 94 95 96 97 98 99 100 101 102 103 104 105 106 107 108 109 110 111 112 113 114 115 116 117 118 119 120 122 126 132 140
TICK
CZ 121 0 123 3 124 4 125 5 127 10 128 11 129 12 130 13 131 14 133 21 134 22 135 23 136 24 137 25 138 26 139 27 141 36 142 37 143 38 144 39 145 40 146 41 147 42 148 43 149 53 150 54 151 55 152 56 153 57 154 58 155 66 156 67 157 68 158 69 159 75 160 76
R 81 82 83 84 85 86 87 88 89 90 91 92 93 94 95 96 97 98 99 100 101 102 103 104 105 106 107 108 109 110 111 112 113 114 115 116 117 118 119 120
DEPOLARIZE2(0.01) 121 0 123 3 124 4 125 5 127 10 128 11 129 12 130 13 131 14 133 21 134 22 135 23 136 24 137 25 138 26 139 27 141 36 142 37 143 38 144 39 145 40 146 41 147 42 148 43 149 53 150 54 151 55 152 56 153 57 154 58 155 66 156 67 157 68 158 69 159 75 160 76
X_ERROR(0.02) 81 82 83 84 85 86 87 88 89 90 91 92 93 94 95 96 97 98 99 100 101 102 103 104 105 106 107 108 109 110 111 112 113 114 115 116 117 118 119 120
DEPOLARIZE1(0.001) 1 2 6 7 8 9 15 16 17 18 19 20 28 29 30 31 32 33 34 35 44 45 46 47 48 49 50 51 52 59 60 61 62 63 64 65 70 71 72 73 74 77 78 79 80 122 126 132 140
TICK
H 0 1 2 3 4 5 6 7 8 9 10 11 12 13 14 15 16 17 18 19 20 21 22 23 24 25 26 27 28 29 30 31 32 33 34 35 36 37 38 39 40 41 42 43 44 45 46 47 48 49 50 51 52 53 54 55 56 57 58 59 60 61 62 63 64 65 66 67 68 69 70 71 72 73 74 75 76 77 78 79 80 81 82 83 84 85 86 87 88 89 90 91 92 93 94 95 96 97 98 99 100 101 102 103 104 105 106 107 108 109 110 111 112 113 114 115 116 117 118 119 120 121 122 123 124 125 126 127 128 129 130 131 132 133 134 135 136 137 138 139 140 141 142 143 144 145 146 147 148 149 150 151 152 153 154 155 156 157 158 159 160
DEPOLARIZE1(0.001) 0 1 2 3 4 5 6 7 8 9 10 11 12 13 14 15 16 17 18 19 20 21 22 23 24 25 26 27 28 29 30 31 32 33 34 35 36 37 38 39 40 41 42 43 44 45 46 47 48 49 50 51 52 53 54 55 56 57 58 59 60 61 62 63 64 65 66 67 68 69 70 71 72 73 74 75 76 77 78 79 80 81 82 83 84 85 86 87 88 89 90 91 92 93 94 95 96 97 98 99 100 101 102 103 104 105 106 107 108 109 110 111 112 113 114 115 116 117 118 119 120 121 122 123 124 125 126 127 128 129 130 131 132 133 134 135 136 137 138 139 140 141 142 143 144 145 146 147 148 149 150 151 152 153 154 155 156 157 158 159 160
TICK
X_ERROR(0.05) 121 122 123 124 125 126 127 128 129 130 131 132 133 134 135 136 137 138 139 140 141 142 143 144 145 146 147 148 149 150 151 152 153 154 155 156 157 158 159 160
M 121 122 123 124 125 126 127 128 129 130 131 132 133 134 135 136 137 138 139 140 141 142 143 144 145 146 147 148 149 150 151 152 153 154 155 156 157 158 159 160
CZ 81 1 82 6 83 7 84 8 85 15 86 16 87 17 88 18 89 19 90 28 91 29 92 30 93 31 94 32 95 33 96 34 97 45 98 46 99 47 100 48 101 49 102 50 103 51 104 52 105 60 106 61 107 62 108 63 109 64 110 65 112 71 113 72 114 73 115 74 117 78 118 79
DEPOLARIZE2(0.01) 81 1 82 6 83 7 84 8 85 15 86 16 87 17 88 18 89 19 90 28 91 29 92 30 93 31 94 32 95 33 96 34 97 45 98 46 99 47 100 48 101 49 102 50 103 51 104 52 105 60 106 61 107 62 108 63 109 64 110 65 112 71 113 72 114 73 115 74 117 78 118 79
DEPOLARIZE1(0.001) 0 2 3 4 5 9 10 11 12 13 14 20 21 22 23 24 25 26 27 35 36 37 38 39 40 41 42 43 44 53 54 55 56 57 58 59 66 67 68 69 70 75 76 77 80 111 116 119 120
TICK
CZ 81 0 82 3 83 4 84 5 85 10 86 11 87 12 88 13 89 14 90 21 91 22 92 23 93 24 94 25 95 26 96 27 97 37 98 38 99 39 100 40 101 41 102 42 103 43 104 44 105 54 106 55 107 56 108 57 109 58 110 59 112 67 113 68 114 69 115 70 117 76 118 77
DEPOLARIZE2(0.01) 81 0 82 3 83 4 84 5 85 10 86 11 87 12 88 13 89 14 90 21 91 22 92 23 93 24 94 25 95 26 96 27 97 37 98 38 99 39 100 40 101 41 102 42 103 43 104 44 105 54 106 55 107 56 108 57 109 58 110 59 112 67 113 68 114 69 115 70 117 76 118 77
DEPOLARIZE1(0.001) 1 2 6 7 8 9 15 16 17 18 19 20 28 29 30 31 32 33 34 35 36 45 46 47 48 49 50 51 52 53 60 61 62 63 64 65 66 71 72 73 74 75 78 79 80 111 116 119 120 121 122 123 124 125 126 127 128 129 130 131 132 133 134 135 136 137 138 139 140 141 142 143 144 145 146 147 148 149 150 151 152 153 154 155 156 157 158 159 160
TICK
CZ 83 3 84 4 86 10 87 11 88 12 89 13 91 21 92 22 93 23 94 24 95 25 96 26 97 36 98 37 99 38 100 39 101 40 102 41 103 42 104 43 105 53 106 54 107 55 108 56 109 57 110 58 111 59 112 66 113 67 114 68 115 69 116 70 117 75 118 76 119 77 120 80
DEPOLARIZE2(0.01) 83 3 84 4 86 10 87 11 88 12 89 13 91 21 92 22 93 23 94 24 95 25 96 26 97 36 98 37 99 38 100 39 101 40 102 41 103 42 104 43 105 53 106 54 107 55 108 56 109 57 110 58 111 59 112 66 113 67 114 68 115 69 116 70 117 75 118 76 119 77 120 80
DEPOLARIZE1(0.001) 0 1 2 5 6 7 8 9 14 15 16 17 18 19 20 27 28 29 30 31 32 33 34 35 44 45 46 47 48 49 50 51 52 60 61 62 63 64 65 71 72 73 74 78 79 81 82 85 90 121 122 123 124 125 126 127 128 129 130 131 132 133 134 135 136 137 138 139 140 141 142 143 144 145 146 147 148 149 150 151 152 153 154 155 156 157 158 159 160
TICK
CZ 83 1 84 2 86 6 87 7 88 8 89 9 91 15 92 16 93 17 94 18 95 19 96 20 97 28 98 29 99 30 100 31 101 32 102 33 103 34 104 35 105 46 106 47 107 48 108 49 109 50 110 51 111 52 112 61 113 62 114 63 115 64 116 65 117 72 118 73 119 74 120 79
DEPOLARIZE2(0.01) 83 1 84 2 86 6 87 7 88 8 89 9 91 15 92 16 93 17 94 18 95 19 96 20 97 28 98 29 99 30 100 31 101 32 102 33 103 34 104 35 105 46 106 47 107 48 108 49 109 50 110 51 111 52 112 61 113 62 114 63 115 64 116 65 117 72 118 73 119 74 120 79
DEPOLARIZE1(0.001) 0 3 4 5 10 11 12 13 14 21 22 23 24 25 26 27 36 37 38 39 40 41 42 43 44 45 53 54 55 56 57 58 59 60 66 67 68 69 70 71 75 76 77 78 80 81 82 85 90 121 122 123 124 125 126 127 128 129 130 131 132 133 134 135 136 137 138 139 140 141 142 143 144 145 146 147 148 149 150 151 152 153 154 155 156 157 158 159 160
TICK
H 81 82 83 84 85 86 87 88 89 90 91 92 93 94 95 96 97 98 99 100 101 102 103 104 105 106 107 108 109 110 111 112 113 114 115 116 117 118 119 120
DEPOLARIZE1(0.001) 81 82 83 84 85 86 87 88 89 90 91 92 93 94 95 96 97 98 99 100 101 102 103 104 105 106 107 108 109 110 111 112 113 114 115 116 117 118 119 120 0 1 2 3 4 5 6 7 8 9 10 11 12 13 14 15 16 17 18 19 20 21 22 23 24 25 26 27 28 29 30 31 32 33 34 35 36 37 38 39 40 41 42 43 44 45 46 47 48 49 50 51 52 53 54 55 56 57 58 59 60 61 62 63 64 65 66 67 68 69 70 71 72 73 74 75 76 77 78 79 80 121 122 123 124 125 126 127 128 129 130 131 132 133 134 135 136 137 138 139 140 141 142 143 144 145 146 147 148 149 150 151 152 153 154 155 156 157 158 159 160
TICK
X_ERROR(0.05) 81 82 83 84 85 86 87 88 89 90 91 92 93 94 95 96 97 98 99 100 101 102 103 104 105 106 107 108 109 110 111 112 113 114 115 116 117 118 119 120 0 1 2 3 4 5 6 7 8 9 10 11 12 13 14 15 16 17 18 19 20 21 22 23 24 25 26 27 28 29 30 31 32 33 34 35 36 37 38 39 40 41 42 43 44 45 46 47 48 49 50 51 52 53 54 55 56 57 58 59 60 61 62 63 64 65 66 67 68 69 70 71 72 73 74 75 76 77 78 79 80
M 81 82 83 84 85 86 87 88 89 90 91 92 93 94 95 96 97 98 99 100 101 102 103 104 105 106 107 108 109 110 111 112 113 114 115 116 117 118 119 120
DETECTOR(0, 7, 0) rec[-40]
DETECTOR(2, 5, 0) rec[-39]
DETECTOR(2, 7, 0) rec[-38]
DETECTOR(2, 9, 0) rec[-37]
DETECTOR(4, 3, 0) rec[-36]
DETECTOR(4, 5, 0) rec[-35]
DETECTOR(4, 7, 0) rec[-34]
DETECTOR(4, 9, 0) rec[-33]
DETECTOR(4, 11, 0) rec[-32]
DETECTOR(6, 1, 0) rec[-31]
DETECTOR(6, 3, 0) rec[-30]
DETECTOR(6, 5, 0) rec[-29]
DETECTOR(6, 7, 0) rec[-28]
DETECTOR(6, 9, 0) rec[-27]
DETECTOR(6, 11, 0) rec[-26]
DETECTOR(6, 13, 0) rec[-25]
DETECTOR(8, 1, 0) rec[-24]
DETECTOR(8, 3, 0) rec[-23]
DETECTOR(8, 5, 0) rec[-22]
DETECTOR(8, 7, 0) rec[-21]
DETECTOR(8, 9, 0) rec[-20]
DETECTOR(8, 11, 0) rec[-19]
DETECTOR(8, 13, 0) rec[-18]
DETECTOR(8, 15, 0) rec[-17]
DETECTOR(10, 3, 0) rec[-16]
DETECTOR(10, 5, 0) rec[-15]
DETECTOR(10, 7, 0) rec[-14]
DETECTOR(10, 9, 0) rec[-13]
DETECTOR(10, 11, 0) rec[-12]
DETECTOR(10, 13, 0) rec[-11]
DETECTOR(10, 15, 0) rec[-10]
DETECTOR(12, 5, 0) rec[-9]
DETECTOR(12, 7, 0) rec[-8]
DETECTOR(12, 9, 0) rec[-7]
DETECTOR(12, 11, 0) rec[-6]
DETECTOR(12, 13, 0) rec[-5]
DETECTOR(14, 7, 0) rec[-4]
DETECTOR(14, 9, 0) rec[-3]
DETECTOR(14, 11, 0) rec[-2]
DETECTOR(16, 9, 0) rec[-1]
M 0 1 2 3 4 5 6 7 8 9 10 11 12 13 14 15 16 17 18 19 20 21 22 23 24 25 26 27 28 29 30 31 32 33 34 35 36 37 38 39 40 41 42 43 44 45 46 47 48 49 50 51 52 53 54 55 56 57 58 59 60 61 62 63 64 65 66 67 68 69 70 71 72 73 74 75 76 77 78 79 80
DETECTOR(0, 7, 1) rec[-81] rec[-80] rec[-121]
DETECTOR(2, 5, 1) rec[-78] rec[-75] rec[-120]
DETECTOR(2, 7, 1) rec[-80] rec[-78] rec[-77] rec[-74] rec[-119]
DETECTOR(2, 9, 1) rec[-79] rec[-77] rec[-76] rec[-73] rec[-118]
DETECTOR(4, 3, 1) rec[-71] rec[-66] rec[-117]
DETECTOR(4, 5, 1) rec[-75] rec[-71] rec[-70] rec[-65] rec[-116]
DETECTOR(4, 7, 1) rec[-74] rec[-70] rec[-69] rec[-64] rec[-115]
DETECTOR(4, 9, 1) rec[-73] rec[-69] rec[-68] rec[-63] rec[-114]
DETECTOR(4, 11, 1) rec[-72] rec[-68] rec[-67] rec[-62] rec[-113]
DETECTOR(6, 1, 1) rec[-60] rec[-53] rec[-112]
DETECTOR(6, 3, 1) rec[-66] rec[-60] rec[-59] rec[-52] rec[-111]
DETECTOR(6, 5, 1) rec[-65] rec[-59] rec[-58] rec[-51] rec[-110]
DETECTOR(6, 7, 1) rec[-64] rec[-58] rec[-57] rec[-50] rec[-109]
DETECTOR(6, 9, 1) rec[-63] rec[-57] rec[-56] rec[-49] rec[-108]
DETECTOR(6, 11, 1) rec[-62] rec[-56] rec[-55] rec[-48] rec[-107]
DETECTOR(6, 13, 1) rec[-61] rec[-55] rec[-54] rec[-47] rec[-106]
DETECTOR(8, 1, 1) rec[-53] rec[-45] rec[-44] rec[-36] rec[-105]
DETECTOR(8, 3, 1) rec[-52] rec[-44] rec[-43] rec[-35] rec[-104]
DETECTOR(8, 5, 1) rec[-51] rec[-43] rec[-42] rec[-34] rec[-103]
DETECTOR(8, 7, 1) rec[-50] rec[-42] rec[-41] rec[-33] rec[-102]
DETECTOR(8, 9, 1) rec[-49] rec[-41] rec[-40] rec[-32] rec[-101]
DETECTOR(8, 11, 1) rec[-48] rec[-40] rec[-39] rec[-31] rec[-100]
DETECTOR(8, 13, 1) rec[-47] rec[-39] rec[-38] rec[-30] rec[-99]
DETECTOR(8, 15, 1) rec[-46] rec[-38] rec[-37] rec[-29] rec[-98]
DETECTOR(10, 3, 1) rec[-35] rec[-28] rec[-27] rec[-21] rec[-97]
DETECTOR(10, 5, 1) rec[-34] rec[-27] rec[-26] rec[-20] rec[-96]
DETECTOR(10, 7, 1) rec[-33] rec[-26] rec[-25] rec[-19] rec[-95]
DETECTOR(10, 9, 1) rec[-32] rec[-25] rec[-24] rec[-18] rec[-94]
DETECTOR(10, 11, 1) rec[-31] rec[-24] rec[-23] rec[-17] rec[-93]
DETECTOR(10, 13, 1) rec[-30] rec[-23] rec[-22] rec[-16] rec[-92]
DETECTOR(10, 15, 1) rec[-29] rec[-22] rec[-91]
DETECTOR(12, 5, 1) rec[-20] rec[-15] rec[-14] rec[-10] rec[-90]
DETECTOR(12, 7, 1) rec[-19] rec[-14] rec[-13] rec[-9] rec[-89]
DETECTOR(12, 9, 1) rec[-18] rec[-13] rec[-12] rec[-8] rec[-88]
DETECTOR(12, 11, 1) rec[-17] rec[-12] rec[-11] rec[-7] rec[-87]
DETECTOR(12, 13, 1) rec[-16] rec[-11] rec[-86]
DETECTOR(14, 7, 1) rec[-9] rec[-6] rec[-5] rec[-3] rec[-85]
DETECTOR(14, 9, 1) rec[-8] rec[-5] rec[-4] rec[-2] rec[-84]
DETECTOR(14, 11, 1) rec[-7] rec[-4] rec[-83]
DETECTOR(16, 9, 1) rec[-2] rec[-1] rec[-82]
OBSERVABLE_INCLUDE(0) rec[-45] rec[-36] rec[-28] rec[-21] rec[-15] rec[-10] rec[-6] rec[-3] rec[-1]
DEPOLARIZE1(0.001) 121 122 123 124 125 126 127 128 129 130 131 132 133 134 135 136 137 138 139 140 141 142 143 144 145 146 147 148 149 150 151 152 153 154 155 156 157 158 159 160