QUBIT_COORDS(0, 6) 0
QUBIT_COORDS(1, 5) 1
QUBIT_COORDS(1, 7) 2
QUBIT_COORDS(2, 4) 3
QUBIT_COORDS(2, 6) 4
QUBIT_COORDS(2, 8) 5
QUBIT_COORDS(3, 3) 6
QUBIT_COORDS(3, 5) 7
QUBIT_COORDS(3, 7) 8
QUBIT_COORDS(3, 9) 9
QUBIT_COORDS(4, 2) 10
QUBIT_COORDS(4, 4) 11
QUBIT_COORDS(4, 6) 12
QUBIT_COORDS(4, 8) 13
QUBIT_COORDS(4, 10) 14
QUBIT_COORDS(5, 1) 15
QUBIT_COORDS(5, 3) 16
QUBIT_COORDS(5, 5) 17
QUBIT_COORDS(5, 7) 18
QUBIT_COORDS(5, 9) 19
QUBIT_COORDS(5, 11) 20
QUBIT_COORDS(6, 0) 21
QUBIT_COORDS(6, 2) 22
QUBIT_COORDS(6, 4) 23
QUBIT_COORDS(6, 6) 24
QUBIT_COORDS(6, 8) 25
QUBIT_COORDS(6, 10) 26
QUBIT_COORDS(6, 12) 27
QUBIT_COORDS(7, 1) 28
QUBIT_COORDS(7, 3) 29
QUBIT_COORDS(7, 5) 30
QUBIT_COORDS(7, 7) 31
QUBIT_COORDS(7, 9) 32
QUBIT_COORDS(7, 11) 33
QUBIT_COORDS(8, 2) 34
QUBIT_COORDS(8, 4) 35
QUBIT_COORDS(8, 6) 36
QUBIT_COORDS(8, 8) 37
QUBIT_COORDS(8, 10) 38
QUBIT_COORDS(9, 3) 39
QUBIT_COORDS(9, 5) 40
QUBIT_COORDS(9, 7) 41
QUBIT_COORDS(9, 9) 42
QUBIT_COORDS(10, 4) 43
QUBIT_COORDS(10, 6) 44
QUBIT_COORDS(10, 8) 45
QUBIT_COORDS(11, 5) 46
QUBIT_COORDS(11, 7) 47
QUBIT_COORDS(12, 6) 48
QUBIT_COORDS(0, 5) 49
QUBIT_COORDS(2, 3) 50
QUBIT_COORDS(2, 5) 51
QUBIT_COORDS(2, 7) 52
QUBIT_COORDS(4, 1) 53
QUBIT_COORDS(4, 3) 54
QUBIT_COORDS(4, 5) 55
QUBIT_COORDS(4, 7) 56
QUBIT_COORDS(4, 9) 57
QUBIT_COORDS(6, 1) 58
QUBIT_COORDS(6, 3) 59
QUBIT_COORDS(6, 5) 60
QUBIT_COORDS(6, 7) 61
QUBIT_COORDS(6, 9) 62
QUBIT_COORDS(6, 11) 63
QUBIT_COORDS(8, 3) 64
QUBIT_COORDS(8, 5) 65
QUBIT_COORDS(8, 7) 66
QUBIT_COORDS(8, 9) 67
QUBIT_COORDS(8, 11) 68
QUBIT_COORDS(10, 5) 69
QUBIT_COORDS(10, 7) 70
QUBIT_COORDS(10, 9) 71
QUBIT_COORDS(12, 7) 72
QUBIT_COORDS(1, 6) 73
QUBIT_COORDS(1, 8) 74
QUBIT_COORDS(3, 4) 75
QUBIT_COORDS(3, 6) 76
QUBIT_COORDS(3, 8) 77
QUBIT_COORDS(3, 10) 78
QUBIT_COORDS(5, 2) 79
QUBIT_COORDS(5, 4) 80
QUBIT_COORDS(5, 6) 81
QUBIT_COORDS(5, 8) 82
QUBIT_COORDS(5, 10) 83
QUBIT_COORDS(5, 12) 84
QUBIT_COORDS(7, 0) 85
QUBIT_COORDS(7, 2) 86
QUBIT_COORDS(7, 4) 87
QUBIT_COORDS(7, 6) 88
QUBIT_COORDS(7, 8) 89
QUBIT_COORDS(7, 10) 90
QUBIT_COORDS(9, 2) 91
QUBIT_COORDS(9, 4) 92
QUBIT_COORDS(9, 6) 93
QUBIT_COORDS(9, 8) 94
QUBIT_COORDS(11, 4) 95
QUBIT_COORDS(11, 6) 96
R 0 1 2 3 4 5 6 7 8 9 10 11 12 13 14 15 16 17 18 19 20 21 22 23 24 25 26 27 28 29 30 31 32 33 34 35 36 37 38 39 40 41 42 43 44 45 46 47 48 73 74 75 76 77 78 79 80 81 82 83 84 85 86 87 88 89 90 91 92 93 94 95 96
X_ERROR(0.02) 0 1 2 3 4 5 6 7 8 9 10 11 12 13 14 15 16 17 18 19 20 21 22 23 24 25 26 27 28 29 30 31 32 33 34 35 36 37 38 39 40 41 42 43 44 45 46 47 48 73 74 75 76 77 78 79 80 81 82 83 84 85 86 87 88 89 90 91 92 93 94 95 96
DEPOLARIZE1(0.001) 49 50 51 52 53 54 55 56 57 58 59 60 61 62 63 64 65 66 67 68 69 70 71 72
TICK
H 0 1 2 3 4 5 6 7 8 9 10 11 12 13 14 15 16 17 18 19 20 21 22 23 24 25 26 27 28 29 30 31 32 33 34 35 36 37 38 39 40 41 42 43 44 45 46 47 48 73 74 75 76 77 78 79 80 81 82 83 84 85 86 87 88 89 90 91 92 93 94 95 96
DEPOLARIZE1(0.001) 0 1 2 3 4 5 6 7 8 9 10 11 12 13 14 15 16 17 18 19 20 21 22 23 24 25 26 27 28 29 30 31 32 33 34 35 36 37 38 39 40 41 42 43 44 45 46 47 48 73 74 75 76 77 78 79 80 81 82 83 84 85 86 87 88 89 90 91 92 93 94 95 96 49 50 51 52 53 54 55 56 57 58 59 60 61 62 63 64 65 66 67 68 69 70 71 72
TICK
CZ 73 4 74 5 75 11 76 12 77 13 78 14 79 22 80 23 81 24 82 25 83 26 84 27 86 34 87 35 88 36 89 37 90 38 92 43 93 44 94 45 96 48
DEPOLARIZE2(0.01) 73 4 74 5 75 11 76 12 77 13 78 14 79 22 80 23 81 24 82 25 83 26 84 27 86 34 87 35 88 36 89 37 90 38 92 43 93 44 94 45 96 48
DEPOLARIZE1(0.001) 0 1 2 3 6 7 8 9 10 15 16 17 18 19 20 21 28 29 30 31 32 33 39 40 41 42 46 47 49 50 51 52 53 54 55 56 57 58 59 60 61 62 63 64 65 66 67 68 69 70 71 72 85 91 95
TICK
CZ 73 1 74 2 75 6 76 7 77 8 78 9 79 15 80 16 81 17 82 18 83 19 84 20 86 28 87 29 88 30 89 31 90 32 92 39 93 40 94 41 96 46
DEPOLARIZE2(0.01) 73 1 74 2 75 6 76 7 77 8 78 9 79 15 80 16 81 17 82 18 83 19 84 20 86 28 87 29 88 30 89 31 90 32 92 39 93 40 94 41 96 46
DEPOLARIZE1(0.001) 0 3 4 5 10 11 12 13 14 21 22 23 24 25 26 27 33 34 35 36 37 38 42 43 44 45 47 48 49 50 51 52 53 54 55 56 57 58 59 60 61 62 63 64 65 66 67 68 69 70 71 72 85 91 95
TICK
CZ 73 2 75 7 76 8 77 9 79 16 80 17 81 18 82 19 83 20 85 28 86 29 87 30 88 31 89 32 90 33 91 39 92 40 93 41 94 42 95 46 96 47
DEPOLARIZE2(0.01) 73 2 75 7 76 8 77 9 79 16 80 17 81 18 82 19 83 20 85 28 86 29 87 30 88 31 89 32 90 33 91 39 92 40 93 41 94 42 95 46 96 47
DEPOLARIZE1(0.001) 0 1 3 4 5 6 10 11 12 13 14 15 21 22 23 24 25 26 27 34 35 36 37 38 43 44 45 48 49 50 51 52 53 54 55 56 57 58 59 60 61 62 63 64 65 66 67 68 69 70 71 72 74 78 84
TICK
CZ 73 0 75 3 76 4 77 5 79 10 80 11 81 12 82 13 83 14 85 21 86 22 87 23 88 24 89 25 90 26 91 34 92 35 93 36 94 37 95 43 96 44
R 49 50 51 52 53 54 55 56 57 58 59 60 61 62 63 64 65 66 67 68 69 70 71 72
DEPOLARIZE2(0.01) 73 0 75 3 76 4 77 5 79 10 80 11 81 12 82 13 83 14 85 21 86 22 87 23 88 24 89 25 90 26 91 34 92 35 93 36 94 37 95 43 96 44
X_ERROR(0.02) 49 50 51 52 53 54 55 56 57 58 59 60 61 62 63 64 65 66 67 68 69 70 71 72
DEPOLARIZE1(0.001) 1 2 6 7 8 9 15 16 17 18 19 20 27 28 29 30 31 32 33 38 39 40 41 42 45 46 47 48 74 78 84
TICK
H 0 1 2 3 4 5 6 7 8 9 10 11 12 13 14 15 16 17 18 19 20 21 22 23 24 25 26 27 28 29 30 31 32 33 34 35 36 37 38 39 40 41 42 43 44 45 46 47 48 49 50 51 52 53 54 55 56 57 58 59 60 61 62 63 64 65 66 67 68 69 70 71 72 73 74 75 76 77 78 79 80 81 82 83 84 85 86 87 88 89 90 91 92 93 94 95 96
DEPOLARIZE1(0.001) 0 1 2 3 4 5 6 7 8 9 10 11 12 13 14 15 16 17 18 19 20 21 22 23 24 25 26 27 28 29 30 31 32 33 34 35 36 37 38 39 40 41 42 43 44 45 46 47 48 49 50 51 52 53 54 55 56 57 58 59 60 61 62 63 64 65 66 67 68 69 70 71 72 73 74 75 76 77 78 79 80 81 82 83 84 85 86 87 88 89 90 91 92 93 94 95 96
TICK
X_ERROR(0.05) 73 74 75 76 77 78 79 80 81 82 83 84 85 86 87 88 89 90 91 92 93 94 95 96
M 73 74 75 76 77 78 79 80 81 82 83 84 85 86 87 88 89 90 91 92 93 94 95 96
CZ 49 1 50 6 51 7 52 8 53 15 54 16 55 17 56 18 57 19 58 28 59 29 60 30 61 31 62 32 63 33 64 39 65 40 66 41 67 42 69 46 70 47
DEPOLARIZE2(0.01) 49 1 50 6 51 7 52 8 53 15 54 16 55 17 56 18 57 19 58 28 59 29 60 30 61 31 62 32 63 33 64 39 65 40 66 41 67 42 69 46 70 47
DEPOLARIZE1(0.001) 0 2 3 4 5 9 10 11 12 13 14 20 21 22 23 24 25 26 27 34 35 36 37 38 43 44 45 48 68 71 72
TICK
CZ 49 0 50 3 51 4 52 5 53 10 54 11 55 12 56 13 57 14 58 22 59 23 60 24 61 25 62 26 63 27 64 35 65 36 66 37 67 38 69 44 70 45
DEPOLARIZE2(0.01) 49 0 50 3 51 4 52 5 53 10 54 11 55 12 56 13 57 14 58 22 59 23 60 24 61 25 62 26 63 27 64 35 65 36 66 37 67 38 69 44 70 45
DEPOLARIZE1(0.001) 1 2 6 7 8 9 15 16 17 18 19 20 21 28 29 30 31 32 33 34 39 40 41 42 43 46 47 48 68 71 72 73 74 75 76 77 78 79 80 81 82 83 84 85 86 87 88 89 90 91 92 93 94 95 96
TICK
CZ 51 3 52 4 54 10 55 11 56 12 57 13 58 21 59 22 60 23 61 24 62 25 63 26 64 34 65 35 66 36 67 37 68 38 69 43 70 44 71 45 72 48
DEPOLARIZE2(0.01) 51 3 52 4 54 10 55 11 56 12 57 13 58 21 59 22 60 23 61 24 62 25 63 26 64 34 65 35 66 36 67 37 68 38 69 43 70 44 71 45 72 48
DEPOLARIZE1(0.001) 0 1 2 5 6 7 8 9 14 15 16 17 18 19 20 27 28 29 30 31 32 33 39 40 41 42 46 47 49 50 53 73 74 75 76 77 78 79 80 81 82 83 84 85 86 87 88 89 90 91 92 93 94 95 96
TICK
CZ 51 1 52 2 54 6 55 7 56 8 57 9 58 15 59 16 60 17 61 18 62 19 63 20 64 29 65 30 66 31 67 32 68 33 69 40 70 41 71 42 72 47
DEPOLARIZE2(0.01) 51 1 52 2 54 6 55 7 56 8 57 9 58 15 59 16 60 17 61 18 62 19 63 20 64 29 65 30 66 31 67 32 68 33 69 40 70 41 71 42 72 47
DEPOLARIZE1(0.001) 0 3 4 5 10 11 12 13 14 21 22 23 24 25 26 27 28 34 35 36 37 38 39 43 44 45 46 48 49 50 53 73 74 75 76 77 78 79 80 81 82 83 84 85 86 87 88 89 90 91 92 93 94 95 96
TICK
H 49 50 51 52 53 54 55 56 57 58 59 60 61 62 63 64 65 66 67 68 69 70 71 72
DEPOLARIZE1(0.001) 49 50 51 52 53 54 55 56 57 58 59 60 61 62 63 64 65 66 67 68 69 70 71 72 0 1 2 3 4 5 6 7 8 9 10 11 12 13 14 15 16 17 18 19 20 21 22 23 24 25 26 27 28 29 30 31 32 33 34 35 36 37 38 39 40 41 42 43 44 45 46 47 48 73 74 75 76 77 78 79 80 81 82 83 84 85 86 87 88 89 90 91 92 93 94 95 96
TICK
X_ERROR(0.05) 49 50 51 52 53 54 55 56 57 58 59 60 61 62 63 64 65 66 67 68 69 70 71 72 0 1 2 3 4 5 6 7 8 9 10 11 12 13 14 15 16 17 18 19 20 21 22 23 24 25 26 27 28 29 30 31 32 33 34 35 36 37 38 39 40 41 42 43 44 45 46 47 48
M 49 50 51 52 53 54 55 56 57 58 59 60 61 62 63 64 65 66 67 68 69 70 71 72
DETECTOR(0, 5, 0) rec[-24]
DETECTOR(2, 3, 0) rec[-23]
DETECTOR(2, 5, 0) rec[-22]
DETECTOR(2, 7, 0) rec[-21]
DETECTOR(4, 1, 0) rec[-20]
DETECTOR(4, 3, 0) rec[-19]
DETECTOR(4, 5, 0) rec[-18]
DETECTOR(4, 7, 0) rec[-17]
DETECTOR(4, 9, 0) rec[-16]
DETECTOR(6, 1, 0) rec[-15]
DETECTOR(6, 3, 0) rec[-14]
DETECTOR(6, 5, 0) rec[-13]
DETECTOR(6, 7, 0) rec[-12]
DETECTOR(6, 9, 0) rec[-11]
DETECTOR(6, 11, 0) rec[-10]
DETECTOR(8, 3, 0) rec[-9]
DETECTOR(8, 5, 0) rec[-8]
DETECTOR(8, 7, 0) rec[-7]
DETECTOR(8, 9, 0) rec[-6]
DETECTOR(8, 11, 0) rec[-5]
DETECTOR(10, 5, 0) rec[-4]
DETECTOR(10, 7, 0) rec[-3]
DETECTOR(10, 9, 0) rec[-2]
DETECTOR(12, 7, 0) rec[-1]
M 0 1 2 3 4 5 6 7 8 9 10 11 12 13 14 15 16 17 18 19 20 21 22 23 24 25 26 27 28 29 30 31 32 33 34 35 36 37 38 39 40 41 42 43 44 45 46 47 48
DETECTOR(0, 5, 1) rec[-49] rec[-48] rec[-73]
DETECTOR(2, 3, 1) rec[-46] rec[-43] rec[-72]
DETECTOR(2, 5, 1) rec[-48] rec[-46] rec[-45] rec[-42] rec[-71]
DETECTOR(2, 7, 1) rec[-47] rec[-45] rec[-44] rec[-41] rec[-70]
DETECTOR(4, 1, 1) rec[-39] rec[-34] rec[-69]
DETECTOR(4, 3, 1) rec[-43] rec[-39] rec[-38] rec[-33] rec[-68]
DETECTOR(4, 5, 1) rec[-42] rec[-38] rec[-37] rec[-32] rec[-67]
DETECTOR(4, 7, 1) rec[-41] rec[-37] rec[-36] rec[-31] rec[-66]
DETECTOR(4, 9, 1) rec[-40] rec[-36] rec[-35] rec[-30] rec[-65]
DETECTOR(6, 1, 1) rec[-34] rec[-28] rec[-27] rec[-21] rec[-64]
DETECTOR(6, 3, 1) rec[-33] rec[-27] rec[-26] rec[-20] rec[-63]
DETECTOR(6, 5, 1) rec[-32] rec[-26] rec[-25] rec[-19] rec[-62]
DETECTOR(6, 7, 1) rec[-31] rec[-25] rec[-24] rec[-18] rec[-61]
DETECTOR(6, 9, 1) rec[-30] rec[-24] rec[-23] rec[-17] rec[-60]
DETECTOR(6, 11, 1) rec[-29] rec[-23] rec[-22] rec[-16] rec[-59]
DETECTOR(8, 3, 1) rec[-20] rec[-15] rec[-14] rec[-10] rec[-58]
DETECTOR(8, 5, 1) rec[-19] rec[-14] rec[-13] rec[-9] rec[-57]
DETECTOR(8, 7, 1) rec[-18] rec[-13] rec[-12] rec[-8] rec[-56]
DETECTOR(8, 9, 1) rec[-17] rec[-12] rec[-11] rec[-7] rec[-55]
DETECTOR(8, 11, 1) rec[-16] rec[-11] rec[-54]
DETECTOR(10, 5, 1) rec[-9] rec[-6] rec[-5] rec[-3] rec[-53]
DETECTOR(10, 7, 1) rec[-8] rec[-5] rec[-4] rec[-2] rec[-52]
DETECTOR(10, 9, 1) rec[-7] rec[-4] rec[-51]
DETECTOR(12, 7, 1) rec[-2] rec[-1] rec[-50]
OBSERVABLE_INCLUDE(0) rec[-28] rec[-21] rec[-15] rec[-10] rec[-6] rec[-3] rec[-1]
DEPOLARIZE1(0.001) 73 74 75 76 77 78 79 80 81 82 83 84 85 86 87 88 89 90 91 92 93 94 95 96