QUBIT_COORDS(0, 10) 0
QUBIT_COORDS(1, 9) 1
QUBIT_COORDS(1, 11) 2
QUBIT_COORDS(2, 8) 3
QUBIT_COORDS(2, 10) 4
QUBIT_COORDS(2, 12) 5
QUBIT_COORDS(3, 7) 6
QUBIT_COORDS(3, 9) 7
QUBIT_COORDS(3, 11) 8
QUBIT_COORDS(3, 13) 9
QUBIT_COORDS(4, 6) 10
QUBIT_COORDS(4, 8) 11
QUBIT_COORDS(4, 10) 12
QUBIT_COORDS(4, 12) 13
QUBIT_COORDS(4, 14) 14
QUBIT_COORDS(5, 5) 15
QUBIT_COORDS(5, 7) 16
QUBIT_COORDS(5, 9) 17
QUBIT_COORDS(5, 11) 18
QUBIT_COORDS(5, 13) 19
QUBIT_COORDS(5, 15) 20
QUBIT_COORDS(6, 4) 21
QUBIT_COORDS(6, 6) 22
QUBIT_COORDS(6, 8) 23
QUBIT_COORDS(6, 10) 24
QUBIT_COORDS(6, 12) 25
QUBIT_COORDS(6, 14) 26
QUBIT_COORDS(6, 16) 27
QUBIT_COORDS(7, 3) 28
QUBIT_COORDS(7, 5) 29
QUBIT_COORDS(7, 7) 30
QUBIT_COORDS(7, 9) 31
QUBIT_COORDS(7, 11) 32
QUBIT_COORDS(7, 13) 33
QUBIT_COORDS(7, 15) 34
QUBIT_COORDS(7, 17) 35
QUBIT_COORDS(8, 2) 36
QUBIT_COORDS(8, 4) 37
QUBIT_COORDS(8, 6) 38
QUBIT_COORDS(8, 8) 39
QUBIT_COORDS(8, 10) 40
QUBIT_COORDS(8, 12) 41
QUBIT_COORDS(8, 14) 42
QUBIT_COORDS(8, 16) 43
QUBIT_COORDS(8, 18) 44
QUBIT_COORDS(9, 1) 45
QUBIT_COORDS(9, 3) 46
QUBIT_COORDS(9, 5) 47
QUBIT_COORDS(9, 7) 48
QUBIT_COORDS(9, 9) 49
QUBIT_COORDS(9, 11) 50
QUBIT_COORDS(9, 13) 51
QUBIT_COORDS(9, 15) 52
QUBIT_COORDS(9, 17) 53
QUBIT_COORDS(9, 19) 54
QUBIT_COORDS(10, 0) 55
QUBIT_COORDS(10, 2) 56
QUBIT_COORDS(10, 4) 57
QUBIT_COORDS(10, 6) 58
QUBIT_COORDS(10, 8) 59
QUBIT_COORDS(10, 10) 60
QUBIT_COORDS(10, 12) 61
QUBIT_COORDS(10, 14) 62
QUBIT_COORDS(10, 16) 63
QUBIT_COORDS(10, 18) 64
QUBIT_COORDS(10, 20) 65
QUBIT_COORDS(11, 1) 66
QUBIT_COORDS(11, 3) 67
QUBIT_COORDS(11, 5) 68
QUBIT_COORDS(11, 7) 69
QUBIT_COORDS(11, 9) 70
QUBIT_COORDS(11, 11) 71
QUBIT_COORDS(11, 13) 72
QUBIT_COORDS(11, 15) 73
QUBIT_COORDS(11, 17) 74
QUBIT_COORDS(11, 19) 75
QUBIT_COORDS(12, 2) 76
QUBIT_COORDS(12, 4) 77
QUBIT_COORDS(12, 6) 78
QUBIT_COORDS(12, 8) 79
QUBIT_COORDS(12, 10) 80
QUBIT_COORDS(12, 12) 81
QUBIT_COORDS(12, 14) 82
QUBIT_COORDS(12, 16) 83
QUBIT_COORDS(12, 18) 84
QUBIT_COORDS(13, 3) 85
QUBIT_COORDS(13, 5) 86
QUBIT_COORDS(13, 7) 87
QUBIT_COORDS(13, 9) 88
QUBIT_COORDS(13, 11) 89
QUBIT_COORDS(13, 13) 90
QUBIT_COORDS(13, 15) 91
QUBIT_COORDS(13, 17) 92
QUBIT_COORDS(14, 4) 93
QUBIT_COORDS(14, 6) 94
QUBIT_COORDS(14, 8) 95
QUBIT_COORDS(14, 10) 96
QUBIT_COORDS(14, 12) 97
QUBIT_COORDS(14, 14) 98
QUBIT_COORDS(14, 16) 99
QUBIT_COORDS(15, 5) 100
QUBIT_COORDS(15, 7) 101
QUBIT_COORDS(15, 9) 102
QUBIT_COORDS(15, 11) 103
QUBIT_COORDS(15, 13) 104
QUBIT_COORDS(15, 15) 105
QUBIT_COORDS(16, 6) 106
QUBIT_COORDS(16, 8) 107
QUBIT_COORDS(16, 10) 108
QUBIT_COORDS(16, 12) 109
QUBIT_COORDS(16, 14) 110
QUBIT_COORDS(17, 7) 111
QUBIT_COORDS(17, 9) 112
QUBIT_COORDS(17, 11) 113
QUBIT_COORDS(17, 13) 114
QUBIT_COORDS(18, 8) 115
QUBIT_COORDS(18, 10) 116
QUBIT_COORDS(18, 12) 117
QUBIT_COORDS(19, 9) 118
QUBIT_COORDS(19, 11) 119
QUBIT_COORDS(20, 10) 120
QUBIT_COORDS(0, 9) 121
QUBIT_COORDS(2, 7) 122
QUBIT_COORDS(2, 9) 123
QUBIT_COORDS(2, 11) 124
QUBIT_COORDS(4, 5) 125
QUBIT_COORDS(4, 7) 126
QUBIT_COORDS(4, 9) 127
QUBIT_COORDS(4, 11) 128
QUBIT_COORDS(4, 13) 129
QUBIT_COORDS(6, 3) 130
QUBIT_COORDS(6, 5) 131
QUBIT_COORDS(6, 7) 132
QUBIT_COORDS(6, 9) 133
QUBIT_COORDS(6, 11) 134
QUBIT_COORDS(6, 13) 135
QUBIT_COORDS(6, 15) 136
QUBIT_COORDS(8, 1) 137
QUBIT_COORDS(8, 3) 138
QUBIT_COORDS(8, 5) 139
QUBIT_COORDS(8, 7) 140
QUBIT_COORDS(8, 9) 141
QUBIT_COORDS(8, 11) 142
QUBIT_COORDS(8, 13) 143
QUBIT_COORDS(8, 15) 144
QUBIT_COORDS(8, 17) 145
QUBIT_COORDS(10, 1) 146
QUBIT_COORDS(10, 3) 147
QUBIT_COORDS(10, 5) 148
QUBIT_COORDS(10, 7) 149
QUBIT_COORDS(10, 9) 150
QUBIT_COORDS(10, 11) 151
QUBIT_COORDS(10, 13) 152
QUBIT_COORDS(10, 15) 153
QUBIT_COORDS(10, 17) 154
QUBIT_COORDS(10, 19) 155
QUBIT_COORDS(12, 3) 156
QUBIT_COORDS(12, 5) 157
QUBIT_COORDS(12, 7) 158
QUBIT_COORDS(12, 9) 159
QUBIT_COORDS(12, 11) 160
QUBIT_COORDS(12, 13) 161
QUBIT_COORDS(12, 15) 162
QUBIT_COORDS(12, 17) 163
QUBIT_COORDS(12, 19) 164
QUBIT_COORDS(14, 5) 165
QUBIT_COORDS(14, 7) 166
QUBIT_COORDS(14, 9) 167
QUBIT_COORDS(14, 11) 168
QUBIT_COORDS(14, 13) 169
QUBIT_COORDS(14, 15) 170
QUBIT_COORDS(14, 17) 171
QUBIT_COORDS(16, 7) 172
QUBIT_COORDS(16, 9) 173
QUBIT_COORDS(16, 11) 174
QUBIT_COORDS(16, 13) 175
QUBIT_COORDS(16, 15) 176
QUBIT_COORDS(18, 9) 177
QUBIT_COORDS(18, 11) 178
QUBIT_COORDS(18, 13) 179
QUBIT_COORDS(20, 11) 180
QUBIT_COORDS(1, 10) 181
QUBIT_COORDS(1, 12) 182
QUBIT_COORDS(3, 8) 183
QUBIT_COORDS(3, 10) 184
QUBIT_COORDS(3, 12) 185
QUBIT_COORDS(3, 14) 186
QUBIT_COORDS(5, 6) 187
QUBIT_COORDS(5, 8) 188
QUBIT_COORDS(5, 10) 189
QUBIT_COORDS(5, 12) 190
QUBIT_COORDS(5, 14) 191
QUBIT_COORDS(5, 16) 192
QUBIT_COORDS(7, 4) 193
QUBIT_COORDS(7, 6) 194
QUBIT_COORDS(7, 8) 195
QUBIT_COORDS(7, 10) 196
QUBIT_COORDS(7, 12) 197
QUBIT_COORDS(7, 14) 198
QUBIT_COORDS(7, 16) 199
QUBIT_COORDS(7, 18) 200
QUBIT_COORDS(9, 2) 201
QUBIT_COORDS(9, 4) 202
QUBIT_COORDS(9, 6) 203
QUBIT_COORDS(9, 8) 204
QUBIT_COORDS(9, 10) 205
QUBIT_COORDS(9, 12) 206
QUBIT_COORDS(9, 14) 207
QUBIT_COORDS(9, 16) 208
QUBIT_COORDS(9, 18) 209
QUBIT_COORDS(9, 20) 210
QUBIT_COORDS(11, 0) 211
QUBIT_COORDS(11, 2) 212
QUBIT_COORDS(11, 4) 213
QUBIT_COORDS(11, 6) 214
QUBIT_COORDS(11, 8) 215
QUBIT_COORDS(11, 10) 216
QUBIT_COORDS(11, 12) 217
QUBIT_COORDS(11, 14) 218
QUBIT_COORDS(11, 16) 219
QUBIT_COORDS(11, 18) 220
QUBIT_COORDS(13, 2) 221
QUBIT_COORDS(13, 4) 222
QUBIT_COORDS(13, 6) 223
QUBIT_COORDS(13, 8) 224
QUBIT_COORDS(13, 10) 225
QUBIT_COORDS(13, 12) 226
QUBIT_COORDS(13, 14) 227
QUBIT_COORDS(13, 16) 228
QUBIT_COORDS(15, 4) 229
QUBIT_COORDS(15, 6) 230
QUBIT_COORDS(15, 8) 231
QUBIT_COORDS(15, 10) 232
QUBIT_COORDS(15, 12) 233
QUBIT_COORDS(15, 14) 234
QUBIT_COORDS(17, 6) 235
QUBIT_COORDS(17, 8) 236
QUBIT_COORDS(17, 10) 237
QUBIT_COORDS(17, 12) 238
QUBIT_COORDS(19, 8) 239
QUBIT_COORDS(19, 10) 240
R 0 1 2 3 4 5 6 7 8 9 10 11 12 13 14 15 16 17 18 19 20 21 22 23 24 25 26 27 28 29 30 31 32 33 34 35 36 37 38 39 40 41 42 43 44 45 46 47 48 49 50 51 52 53 54 55 56 57 58 59 60 61 62 63 64 65 66 67 68 69 70 71 72 73 74 75 76 77 78 79 80 81 82 83 84 85 86 87 88 89 90 91 92 93 94 95 96 97 98 99 100 101 102 103 104 105 106 107 108 109 110 111 112 113 114 115 116 117 118 119 120 181 182 183 184 185 186 187 188 189 190 191 192 193 194 195 196 197 198 199 200 201 202 203 204 205 206 207 208 209 210 211 212 213 214 215 216 217 218 219 220 221 222 223 224 225 226 227 228 229 230 231 232 233 234 235 236 237 238 239 240
X_ERROR(0.02) 0 1 2 3 4 5 6 7 8 9 10 11 12 13 14 15 16 17 18 19 20 21 22 23 24 25 26 27 28 29 30 31 32 33 34 35 36 37 38 39 40 41 42 43 44 45 46 47 48 49 50 51 52 53 54 55 56 57 58 59 60 61 62 63 64 65 66 67 68 69 70 71 72 73 74 75 76 77 78 79 80 81 82 83 84 85 86 87 88 89 90 91 92 93 94 95 96 97 98 99 100 101 102 103 104 105 106 107 108 109 110 111 112 113 114 115 116 117 118 119 120 181 182 183 184 185 186 187 188 189 190 191 192 193 194 195 196 197 198 199 200 201 202 203 204 205 206 207 208 209 210 211 212 213 214 215 216 217 218 219 220 221 222 223 224 225 226 227 228 229 230 231 232 233 234 235 236 237 238 239 240
DEPOLARIZE1(0.001) 121 122 123 124 125 126 127 128 129 130 131 132 133 134 135 136 137 138 139 140 141 142 143 144 145 146 147 148 149 150 151 152 153 154 155 156 157 158 159 160 161 162 163 164 165 166 167 168 169 170 171 172 173 174 175 176 177 178 179 180
TICK
H 0 1 2 3 4 5 6 7 8 9 10 11 12 13 14 15 16 17 18 19 20 21 22 23 24 25 26 27 28 29 30 31 32 33 34 35 36 37 38 39 40 41 42 43 44 45 46 47 48 49 50 51 52 53 54 55 56 57 58 59 60 61 62 63 64 65 66 67 68 69 70 71 72 73 74 75 76 77 78 79 80 81 82 83 84 85 86 87 88 89 90 91 92 93 94 95 96 97 98 99 100 101 102 103 104 105 106 107 108 109 110 111 112 113 114 115 116 117 118 119 120 181 182 183 184 185 186 187 188 189 190 191 192 193 194 195 196 197 198 199 200 201 202 203 204 205 206 207 208 209 210 211 212 213 214 215 216 217 218 219 220 221 222 223 224 225 226 227 228 229 230 231 232 233 234 235 236 237 238 239 240
DEPOLARIZE1(0.001) 0 1 2 3 4 5 6 7 8 9 10 11 12 13 14 15 16 17 18 19 20 21 22 23 24 25 26 27 28 29 30 31 32 33 34 35 36 37 38 39 40 41 42 43 44 45 46 47 48 49 50 51 52 53 54 55 56 57 58 59 60 61 62 63 64 65 66 67 68 69 70 71 72 73 74 75 76 77 78 79 80 81 82 83 84 85 86 87 88 89 90 91 92 93 94 95 96 97 98 99 100 101 102 103 104 105 106 107 108 109 110 111 112 113 114 115 116 117 118 119 120 181 182 183 184 185 186 187 188 189 190 191 192 193 194 195 196 197 198 199 200 201 202 203 204 205 206 207 208 209 210 211 212 213 214 215 216 217 218 219 220 221 222 223 224 225 226 227 228 229 230 231 232 233 234 235 236 237 238 239 240 121 122 123 124 125 126 127 128 129 130 131 132 133 134 135 136 137 138 139 140 141 142 143 144 145 146 147 148 149 150 151 152 153 154 155 156 157 158 159 160 161 162 163 164 165 166 167 168 169 170 171 172 173 174 175 176 177 178 179 180
TICK
CZ 181 4 182 5 183 11 184 12 185 13 186 14 187 22 188 23 189 24 190 25 191 26 192 27 193 37 194 38 195 39 196 40 197 41 198 42 199 43 200 44 201 56 202 57 203 58 204 59 205 60 206 61 207 62 208 63 209 64 210 65 212 76 213 77 214 78 215 79 216 80 217 81 218 82 219 83 220 84 222 93 223 94 224 95 225 96 226 97 227 98 228 99 230 106 231 107 232 108 233 109 234 110 236 115 237 116 238 117 240 120
DEPOLARIZE2(0.01) 181 4 182 5 183 11 184 12 185 13 186 14 187 22 188 23 189 24 190 25 191 26 192 27 193 37 194 38 195 39 196 40 197 41 198 42 199 43 200 44 201 56 202 57 203 58 204 59 205 60 206 61 207 62 208 63 209 64 210 65 212 76 213 77 214 78 215 79 216 80 217 81 218 82 219 83 220 84 222 93 223 94 224 95 225 96 226 97 227 98 228 99 230 106 231 107 232 108 233 109 234 110 236 115 237 116 238 117 240 120
DEPOLARIZE1(0.001) 0 1 2 3 6 7 8 9 10 15 16 17 18 19 20 21 28 29 30 31 32 33 34 35 36 45 46 47 48 49 50 51 52 53 54 55 66 67 68 69 70 71 72 73 74 75 85 86 87 88 89 90 91 92 100 101 102 103 104 105 111 112 113 114 118 119 121 122 123 124 125 126 127 128 129 130 131 132 133 134 135 136 137 138 139 140 141 142 143 144 145 146 147 148 149 150 151 152 153 154 155 156 157 158 159 160 161 162 163 164 165 166 167 168 169 170 171 172 173 174 175 176 177 178 179 180 211 221 229 235 239
TICK
CZ 181 1 182 2 183 6 184 7 185 8 186 9 187 15 188 16 189 17 190 18 191 19 192 20 193 28 194 29 195 30 196 31 197 32 198 33 199 34 200 35 201 45 202 46 203 47 204 48 205 49 206 50 207 51 208 52 209 53 210 54 212 66 213 67 214 68 215 69 216 70 217 71 218 72 219 73 220 74 222 85 223 86 224 87 225 88 226 89 227 90 228 91 230 100 231 101 232 102 233 103 234 104 236 111 237 112 238 113 240 118
DEPOLARIZE2(0.01) 181 1 182 2 183 6 184 7 185 8 186 9 187 15 188 16 189 17 190 18 191 19 192 20 193 28 194 29 195 30 196 31 197 32 198 33 199 34 200 35 201 45 202 46 203 47 204 48 205 49 206 50 207 51 208 52 209 53 210 54 212 66 213 67 214 68 215 69 216 70 217 71 218 72 219 73 220 74 222 85 223 86 224 87 225 88 226 89 227 90 228 91 230 100 231 101 232 102 233 103 234 104 236 111 237 112 238 113 240 118
DEPOLARIZE1(0.001) 0 3 4 5 10 11 12 13 14 21 22 23 24 25 26 27 36 37 38 39 40 41 42 43 44 55 56 57 58 59 60 61 62 63 64 65 75 76 77 78 79 80 81 82 83 84 92 93 94 95 96 97 98 99 105 106 107 108 109 110 114 115 116 117 119 120 121 122 123 124 125 126 127 128 129 130 131 132 133 134 135 136 137 138 139 140 141 142 143 144 145 146 147 148 149 150 151 152 153 154 155 156 157 158 159 160 161 162 163 164 165 166 167 168 169 170 171 172 173 174 175 176 177 178 179 180 211 221 229 235 239
TICK
CZ 181 2 183 7 184 8 185 9 187 16 188 17 189 18 190 19 191 20 193 29 194 30 195 31 196 32 197 33 198 34 199 35 201 46 202 47 203 48 204 49 205 50 206 51 207 52 208 53 209 54 211 66 212 67 213 68 214 69 215 70 216 71 217 72 218 73 219 74 220 75 221 85 222 86 223 87 224 88 225 89 226 90 227 91 228 92 229 100 230 101 231 102 232 103 233 104 234 105 235 111 236 112 237 113 238 114 239 118 240 119
DEPOLARIZE2(0.01) 181 2 183 7 184 8 185 9 187 16 188 17 189 18 190 19 191 20 193 29 194 30 195 31 196 32 197 33 198 34 199 35 201 46 202 47 203 48 204 49 205 50 206 51 207 52 208 53 209 54 211 66 212 67 213 68 214 69 215 70 216 71 217 72 218 73 219 74 220 75 221 85 222 86 223 87 224 88 225 89 226 90 227 91 228 92 229 100 230 101 231 102 232 103 233 104 234 105 235 111 236 112 237 113 238 114 239 118 240 119
DEPOLARIZE1(0.001) 0 1 3 4 5 6 10 11 12 13 14 15 21 22 23 24 25 26 27 28 36 37 38 39 40 41 42 43 44 45 55 56 57 58 59 60 61 62 63 64 65 76 77 78 79 80 81 82 83 84 93 94 95 96 97 98 99 106 107 108 109 110 115 116 117 120 121 122 123 124 125 126 127 128 129 130 131 132 133 134 135 136 137 138 139 140 141 142 143 144 145 146 147 148 149 150 151 152 153 154 155 156 157 158 159 160 161 162 163 164 165 166 167 168 169 170 171 172 173 174 175 176 177 178 179 180 182 186 192 200 210
TICK
CZ 181 0 183 3 184 4 185 5 187 10 188 11 189 12 190 13 191 14 193 21 194 22 195 23 196 24 197 25 198 26 199 27 201 36 202 37 203 38 204 39 205 40 206 41 207 42 208 43 209 44 211 55 212 56 213 57 214 58 215 59 216 60 217 61 218 62 219 63 220 64 221 76 222 77 223 78 224 79 225 80 226 81 227 82 228 83 229 93 230 94 231 95 232 96 233 97 234 98 235 106 236 107 237 108 238 109 239 115 240 116
R 121 122 123 124 125 126 127 128 129 130 131 132 133 134 135 136 137 138 139 140 141 142 143 144 145 146 147 148 149 150 151 152 153 154 155 156 157 158 159 160 161 162 163 164 165 166 167 168 169 170 171 172 173 174 175 176 177 178 179 180
DEPOLARIZE2(0.01) 181 0 183 3 184 4 185 5 187 10 188 11 189 12 190 13 191 14 193 21 194 22 195 23 196 24 197 25 198 26 199 27 201 36 202 37 203 38 204 39 205 40 206 41 207 42 208 43 209 44 211 55 212 56 213 57 214 58 215 59 216 60 217 61 218 62 219 63 220 64 221 76 222 77 223 78 224 79 225 80 226 81 227 82 228 83 229 93 230 94 231 95 232 96 233 97 234 98 235 106 236 107 237 108 238 109 239 115 240 116
X_ERROR(0.02) 121 122 123 124 125 126 127 128 129 130 131 132 133 134 135 136 137 138 139 140 141 142 143 144 145 146 147 148 149 150 151 152 153 154 155 156 157 158 159 160 161 162 163 164 165 166 167 168 169 170 171 172 173 174 175 176 177 178 179 180
DEPOLARIZE1(0.001) 1 2 6 7 8 9 15 16 17 18 19 20 28 29 30 31 32 33 34 35 45 46 47 48 49 50 51 52 53 54 65 66 67 68 69 70 71 72 73 74 75 84 85 86 87 88 89 90 91 92 99 100 101 102 103 104 105 110 111 112 113 114 117 118 119 120 182 186 192 200 210
TICK
H 0 1 2 3 4 5 6 7 8 9 10 11 12 13 14 15 16 17 18 19 20 21 22 23 24 25 26 27 28 29 30 31 32 33 34 35 36 37 38 39 40 41 42 43 44 45 46 47 48 49 50 51 52 53 54 55 56 57 58 59 60 61 62 63 64 65 66 67 68 69 70 71 72 73 74 75 76 77 78 79 80 81 82 83 84 85 86 87 88 89 90 91 92 93 94 95 96 97 98 99 100 101 102 103 104 105 106 107 108 109 110 111 112 113 114 115 116 117 118 119 120 121 122 123 124 125 126 127 128 129 130 131 132 133 134 135 136 137 138 139 140 141 142 143 144 145 146 147 148 149 150 151 152 153 154 155 156 157 158 159 160 161 162 163 164 165 166 167 168 169 170 171 172 173 174 175 176 177 178 179 180 181 182 183 184 185 186 187 188 189 190 191 192 193 194 195 196 197 198 199 200 201 202 203 204 205 206 207 208 209 210 211 212 213 214 215 216 217 218 219 220 221 222 223 224 225 226 227 228 229 230 231 232 233 234 235 236 237 238 239 240
DEPOLARIZE1(0.001) 0 1 2 3 4 5 6 7 8 9 10 11 12 13 14 15 16 17 18 19 20 21 22 23 24 25 26 27 28 29 30 31 32 33 34 35 36 37 38 39 40 41 42 43 44 45 46 47 48 49 50 51 52 53 54 55 56 57 58 59 60 61 62 63 64 65 66 67 68 69 70 71 72 73 74 75 76 77 78 79 80 81 82 83 84 85 86 87 88 89 90 91 92 93 94 95 96 97 98 99 100 101 102 103 104 105 106 107 108 109 110 111 112 113 114 115 116 117 118 119 120 121 122 123 124 125 126 127 128 129 130 131 132 133 134 135 136 137 138 139 140 141 142 143 144 145 146 147 148 149 150 151 152 153 154 155 156 157 158 159 160 161 162 163 164 165 166 167 168 169 170 171 172 173 174 175 176 177 178 179 180 181 182 183 184 185 186 187 188 189 190 191 192 193 194 195 196 197 198 199 200 201 202 203 204 205 206 207 208 209 210 211 212 213 214 215 216 217 218 219 220 221 222 223 224 225 226 227 228 229 230 231 232 233 234 235 236 237 238 239 240
TICK
X_ERROR(0.05) 181 182 183 184 185 186 187 188 189 190 191 192 193 194 195 196 197 198 199 200 201 202 203 204 205 206 207 208 209 210 211 212 213 214 215 216 217 218 219 220 221 222 223 224 225 226 227 228 229 230 231 232 233 234 235 236 237 238 239 240
M 181 182 183 184 185 186 187 188 189 190 191 192 193 194 195 196 197 198 199 200 201 202 203 204 205 206 207 208 209 210 211 212 213 214 215 216 217 218 219 220 221 222 223 224 225 226 227 228 229 230 231 232 233 234 235 236 237 238 239 240
CZ 121 1 122 6 123 7 124 8 125 15 126 16 127 17 128 18 129 19 130 28 131 29 132 30 133 31 134 32 135 33 136 34 137 45 138 46 139 47 140 48 141 49 142 50 143 51 144 52 145 53 146 66 147 67 148 68 149 69 150 70 151 71 152 72 153 73 154 74 155 75 156 85 157 86 158 87 159 88 160 89 161 90 162 91 163 92 165 100 166 101 167 102 168 103 169 104 170 105 172 111 173 112 174 113 175 114 177 118 178 119
DEPOLARIZE2(0.01) 121 1 122 6 123 7 124 8 125 15 126 16 127 17 128 18 129 19 130 28 131 29 132 30 133 31 134 32 135 33 136 34 137 45 138 46 139 47 140 48 141 49 142 50 143 51 144 52 145 53 146 66 147 67 148 68 149 69 150 70 151 71 152 72 153 73 154 74 155 75 156 85 157 86 158 87 159 88 160 89 161 90 162 91 163 92 165 100 166 101 167 102 168 103 169 104 170 105 172 111 173 112 174 113 175 114 177 118 178 119
DEPOLARIZE1(0.001) 0 2 3 4 5 9 10 11 12 13 14 20 21 22 23 24 25 26 27 35 36 37 38 39 40 41 42 43 44 54 55 56 57 58 59 60 61 62 63 64 65 76 77 78 79 80 81 82 83 84 93 94 95 96 97 98 99 106 107 108 109 110 115 116 117 120 164 171 176 179 180
TICK
CZ 121 0 122 3 123 4 124 5 125 10 126 11 127 12 128 13 129 14 130 21 131 22 132 23 133 24 134 25 135 26 136 27 137 36 138 37 139 38 140 39 141 40 142 41 143 42 144 43 145 44 146 56 147 57 148 58 149 59 150 60 151 61 152 62 153 63 154 64 155 65 156 77 157 78 158 79 159 80 160 81 161 82 162 83 163 84 165 94 166 95 167 96 168 97 169 98 170 99 172 107 173 108 174 109 175 110 177 116 178 117
DEPOLARIZE2(0.01) 121 0 122 3 123 4 124 5 125 10 126 11 127 12 128 13 129 14 130 21 131 22 132 23 133 24 134 25 135 26 136 27 137 36 138 37 139 38 140 39 141 40 142 41 143 42 144 43 145 44 146 56 147 57 148 58 149 59 150 60 151 61 152 62 153 63 154 64 155 65 156 77 157 78 158 79 159 80 160 81 161 82 162 83 163 84 165 94 166 95 167 96 168 97 169 98 170 99 172 107 173 108 174 109 175 110 177 116 178 117
DEPOLARIZE1(0.001) 1 2 6 7 8 9 15 16 17 18 19 20 28 29 30 31 32 33 34 35 45 46 47 48 49 50 51 52 53 54 55 66 67 68 69 70 71 72 73 74 75 76 85 86 87 88 89 90 91 92 93 100 101 102 103 104 105 106 111 112 113 114 115 118 119 120 164 171 176 179 180 181 182 183 184 185 186 187 188 189 190 191 192 193 194 195 196 197 198 199 200 201 202 203 204 205 206 207 208 209 210 211 212 213 214 215 216 217 218 219 220 221 222 223 224 225 226 227 228 229 230 231 232 233 234 235 236 237 238 239 240
TICK
CZ 123 3 124 4 126 10 127 11 128 12 129 13 131 21 132 22 133 23 134 24 135 25 136 26 138 36 139 37 140 38 141 39 142 40 143 41 144 42 145 43 146 55 147 56 148 57 149 58 150 59 151 60 152 61 153 62 154 63 155 64 156 76 157 77 158 78 159 79 160 80 161 81 162 82 163 83 164 84 165 93 166 94 167 95 168 96 169 97 170 98 171 99 172 106 173 107 174 108 175 109 176 110 177 115 178 116 179 117 180 120
DEPOLARIZE2(0.01) 123 3 124 4 126 10 127 11 128 12 129 13 131 21 132 22 133 23 134 24 135 25 136 26 138 36 139 37 140 38 141 39 142 40 143 41 144 42 145 43 146 55 147 56 148 57 149 58 150 59 151 60 152 61 153 62 154 63 155 64 156 76 157 77 158 78 159 79 160 80 161 81 162 82 163 83 164 84 165 93 166 94 167 95 168 96 169 97 170 98 171 99 172 106 173 107 174 108 175 109 176 110 177 115 178 116 179 117 180 120
DEPOLARIZE1(0.001) 0 1 2 5 6 7 8 9 14 15 16 17 18 19 20 27 28 29 30 31 32 33 34 35 44 45 46 47 48 49 50 51 52 53 54 65 66 67 68 69 70 71 72 73 74 75 85 86 87 88 89 90 91 92 100 101 102 103 104 105 111 112 113 114 118 119 121 122 125 130 137 181 182 183 184 185 186 187 188 189 190 191 192 193 194 195 196 197 198 199 200 201 202 203 204 205 206 207 208 209 210 211 212 213 214 215 216 217 218 219 220 221 222 223 224 225 226 227 228 229 230 231 232 233 234 235 236 237 238 239 240
TICK
CZ 123 1 124 2 126 6 127 7 128 8 129 9 131 15 132 16 133 17 134 18 135 19 136 20 138 28 139 29 140 30 141 31 142 32 143 33 144 34 145 35 146 45 147 46 148 47 149 48 150 49 151 50 152 51 153 52 154 53 155 54 156 67 157 68 158 69 159 70 160 71 161 72 162 73 163 74 164 75 165 86 166 87 167 88 168 89 169 90 170 91 171 92 172 101 173 102 174 103 175 104 176 105 177 112 178 113 179 114 180 119
DEPOLARIZE2(0.01) 123 1 124 2 126 6 127 7 128 8 129 9 131 15 132 16 133 17 134 18 135 19 136 20 138 28 139 29 140 30 141 31 142 32 143 33 144 34 145 35 146 45 147 46 148 47 149 48 150 49 151 50 152 51 153 52 154 53 155 54 156 67 157 68 158 69 159 70 160 71 161 72 162 73 163 74 164 75 165 86 166 87 167 88 168 89 169 90 170 91 171 92 172 101 173 102 174 103 175 104 176 105 177 112 178 113 179 114 180 119
DEPOLARIZE1(0.001) 0 3 4 5 10 11 12 13 14 21 22 23 24 25 26 27 36 37 38 39 40 41 42 43 44 55 56 57 58 59 60 61 62 63 64 65 66 76 77 78 79 80 81 82 83 84 85 93 94 95 96 97 98 99 100 106 107 108 109 110 111 115 116 117 118 120 121 122 125 130 137 181 182 183 184 185 186 187 188 189 190 191 192 193 194 195 196 197 198 199 200 201 202 203 204 205 206 207 208 209 210 211 212 213 214 215 216 217 218 219 220 221 222 223 224 225 226 227 228 229 230 231 232 233 234 235 236 237 238 239 240
TICK
H 121 122 123 124 125 126 127 128 129 130 131 132 133 134 135 136 137 138 139 140 141 142 143 144 145 146 147 148 149 150 151 152 153 154 155 156 157 158 159 160 161 162 163 164 165 166 167 168 169 170 171 172 173 174 175 176 177 178 179 180
DEPOLARIZE1(0.001) 121 122 123 124 125 126 127 128 129 130 131 132 133 134 135 136 137 138 139 140 141 142 143 144 145 146 147 148 149 150 151 152 153 154 155 156 157 158 159 160 161 162 163 164 165 166 167 168 169 170 171 172 173 174 175 176 177 178 179 180 0 1 2 3 4 5 6 7 8 9 10 11 12 13 14 15 16 17 18 19 20 21 22 23 24 25 26 27 28 29 30 31 32 33 34 35 36 37 38 39 40 41 42 43 44 45 46 47 48 49 50 51 52 53 54 55 56 57 58 59 60 61 62 63 64 65 66 67 68 69 70 71 72 73 74 75 76 77 78 79 80 81 82 83 84 85 86 87 88 89 90 91 92 93 94 95 96 97 98 99 100 101 102 103 104 105 106 107 108 109 110 111 112 113 114 115 116 117 118 119 120 181 182 183 184 185 186 187 188 189 190 191 192 193 194 195 196 197 198 199 200 201 202 203 204 205 206 207 208 209 210 211 212 213 214 215 216 217 218 219 220 221 222 223 224 225 226 227 228 229 230 231 232 233 234 235 236 237 238 239 240
TICK
X_ERROR(0.05) 121 122 123 124 125 126 127 128 129 130 131 132 133 134 135 136 137 138 139 140 141 142 143 144 145 146 147 148 149 150 151 152 153 154 155 156 157 158 159 160 161 162 163 164 165 166 167 168 169 170 171 172 173 174 175 176 177 178 179 180 0 1 2 3 4 5 6 7 8 9 10 11 12 13 14 15 16 17 18 19 20 21 22 23 24 25 26 27 28 29 30 31 32 33 34 35 36 37 38 39 40 41 42 43 44 45 46 47 48 49 50 51 52 53 54 55 56 57 58 59 60 61 62 63 64 65 66 67 68 69 70 71 72 73 74 75 76 77 78 79 80 81 82 83 84 85 86 87 88 89 90 91 92 93 94 95 96 97 98 99 100 101 102 103 104 105 106 107 108 109 110 111 112 113 114 115 116 117 118 119 120
M 121 122 123 124 125 126 127 128 129 130 131 132 133 134 135 136 137 138 139 140 141 142 143 144 145 146 147 148 149 150 151 152 153 154 155 156 157 158 159 160 161 162 163 164 165 166 167 168 169 170 171 172 173 174 175 176 177 178 179 180
DETECTOR(0, 9, 0) rec[-60]
DETECTOR(2, 7, 0) rec[-59]
DETECTOR(2, 9, 0) rec[-58]
DETECTOR(2, 11, 0) rec[-57]
DETECTOR(4, 5, 0) rec[-56]
DETECTOR(4, 7, 0) rec[-55]
DETECTOR(4, 9, 0) rec[-54]
DETECTOR(4, 11, 0) rec[-53]
DETECTOR(4, 13, 0) rec[-52]
DETECTOR(6, 3, 0) rec[-51]
DETECTOR(6, 5, 0) rec[-50]
DETECTOR(6, 7, 0) rec[-49]
DETECTOR(6, 9, 0) rec[-48]
DETECTOR(6, 11, 0) rec[-47]
DETECTOR(6, 13, 0) rec[-46]
DETECTOR(6, 15, 0) rec[-45]
DETECTOR(8, 1, 0) rec[-44]
DETECTOR(8, 3, 0) rec[-43]
DETECTOR(8, 5, 0) rec[-42]
DETECTOR(8, 7, 0) rec[-41]
DETECTOR(8, 9, 0) rec[-40]
DETECTOR(8, 11, 0) rec[-39]
DETECTOR(8, 13, 0) rec[-38]
DETECTOR(8, 15, 0) rec[-37]
DETECTOR(8, 17, 0) rec[-36]
DETECTOR(10, 1, 0) rec[-35]
DETECTOR(10, 3, 0) rec[-34]
DETECTOR(10, 5, 0) rec[-33]
DETECTOR(10, 7, 0) rec[-32]
DETECTOR(10, 9, 0) rec[-31]
DETECTOR(10, 11, 0) rec[-30]
DETECTOR(10, 13, 0) rec[-29]
DETECTOR(10, 15, 0) rec[-28]
DETECTOR(10, 17, 0) rec[-27]
DETECTOR(10, 19, 0) rec[-26]
DETECTOR(12, 3, 0) rec[-25]
DETECTOR(12, 5, 0) rec[-24]
DETECTOR(12, 7, 0) rec[-23]
DETECTOR(12, 9, 0) rec[-22]
DETECTOR(12, 11, 0) rec[-21]
DETECTOR(12, 13, 0) rec[-20]
DETECTOR(12, 15, 0) rec[-19]
DETECTOR(12, 17, 0) rec[-18]
DETECTOR(12, 19, 0) rec[-17]
DETECTOR(14, 5, 0) rec[-16]
DETECTOR(14, 7, 0) rec[-15]
DETECTOR(14, 9, 0) rec[-14]
DETECTOR(14, 11, 0) rec[-13]
DETECTOR(14, 13, 0) rec[-12]
DETECTOR(14, 15, 0) rec[-11]
DETECTOR(14, 17, 0) rec[-10]
DETECTOR(16, 7, 0) rec[-9]
DETECTOR(16, 9, 0) rec[-8]
DETECTOR(16, 11, 0) rec[-7]
DETECTOR(16, 13, 0) rec[-6]
DETECTOR(16, 15, 0) rec[-5]
DETECTOR(18, 9, 0) rec[-4]
DETECTOR(18, 11, 0) rec[-3]
DETECTOR(18, 13, 0) rec[-2]
DETECTOR(20, 11, 0) rec[-1]
M 0 1 2 3 4 5 6 7 8 9 10 11 12 13 14 15 16 17 18 19 20 21 22 23 24 25 26 27 28 29 30 31 32 33 34 35 36 37 38 39 40 41 42 43 44 45 46 47 48 49 50 51 52 53 54 55 56 57 58 59 60 61 62 63 64 65 66 67 68 69 70 71 72 73 74 75 76 77 78 79 80 81 82 83 84 85 86 87 88 89 90 91 92 93 94 95 96 97 98 99 100 101 102 103 104 105 106 107 108 109 110 111 112 113 114 115 116 117 118 119 120
DETECTOR(0, 9, 1) rec[-121] rec[-120] rec[-181]
DETECTOR(2, 7, 1) rec[-118] rec[-115] rec[-180]
DETECTOR(2, 9, 1) rec[-120] rec[-118] rec[-117] rec[-114] rec[-179]
DETECTOR(2, 11, 1) rec[-119] rec[-117] rec[-116] rec[-113] rec[-178]
DETECTOR(4, 5, 1) rec[-111] rec[-106] rec[-177]
DETECTOR(4, 7, 1) rec[-115] rec[-111] rec[-110] rec[-105] rec[-176]
DETECTOR(4, 9, 1) rec[-114] rec[-110] rec[-109] rec[-104] rec[-175]
DETECTOR(4, 11, 1) rec[-113] rec[-109] rec[-108] rec[-103] rec[-174]
DETECTOR(4, 13, 1) rec[-112] rec[-108] rec[-107] rec[-102] rec[-173]
DETECTOR(6, 3, 1) rec[-100] rec[-93] rec[-172]
DETECTOR(6, 5, 1) rec[-106] rec[-100] rec[-99] rec[-92] rec[-171]
DETECTOR(6, 7, 1) rec[-105] rec[-99] rec[-98] rec[-91] rec[-170]
DETECTOR(6, 9, 1) rec[-104] rec[-98] rec[-97] rec[-90] rec[-169]
DETECTOR(6, 11, 1) rec[-103] rec[-97] rec[-96] rec[-89] rec[-168]
DETECTOR(6, 13, 1) rec[-102] rec[-96] rec[-95] rec[-88] rec[-167]
DETECTOR(6, 15, 1) rec[-101] rec[-95] rec[-94] rec[-87] rec[-166]
DETECTOR(8, 1, 1) rec[-85] rec[-76] rec[-165]
DETECTOR(8, 3, 1) rec[-93] rec[-85] rec[-84] rec[-75] rec[-164]
DETECTOR(8, 5, 1) rec[-92] rec[-84] rec[-83] rec[-74] rec[-163]
DETECTOR(8, 7, 1) rec[-91] rec[-83] rec[-82] rec[-73] rec[-162]
DETECTOR(8, 9, 1) rec[-90] rec[-82] rec[-81] rec[-72] rec[-161]
DETECTOR(8, 11, 1) rec[-89] rec[-81] rec[-80] rec[-71] rec[-160]
DETECTOR(8, 13, 1) rec[-88] rec[-80] rec[-79] rec[-70] rec[-159]
DETECTOR(8, 15, 1) rec[-87] rec[-79] rec[-78] rec[-69] rec[-158]
DETECTOR(8, 17, 1) rec[-86] rec[-78] rec[-77] rec[-68] rec[-157]
DETECTOR(10, 1, 1) rec[-76] rec[-66] rec[-65] rec[-55] rec[-156]
DETECTOR(10, 3, 1) rec[-75] rec[-65] rec[-64] rec[-54] rec[-155]
DETECTOR(10, 5, 1) rec[-74] rec[-64] rec[-63] rec[-53] rec[-154]
DETECTOR(10, 7, 1) rec[-73] rec[-63] rec[-62] rec[-52] rec[-153]
DETECTOR(10, 9, 1) rec[-72] rec[-62] rec[-61] rec[-51] rec[-152]
DETECTOR(10, 11, 1) rec[-71] rec[-61] rec[-60] rec[-50] rec[-151]
DETECTOR(10, 13, 1) rec[-70] rec[-60] rec[-59] rec[-49] rec[-150]
DETECTOR(10, 15, 1) rec[-69] rec[-59] rec[-58] rec[-48] rec[-149]
DETECTOR(10, 17, 1) rec[-68] rec[-58] rec[-57] rec[-47] rec[-148]
DETECTOR(10, 19, 1) rec[-67] rec[-57] rec[-56] rec[-46] rec[-147]
DETECTOR(12, 3, 1) rec[-54] rec[-45] rec[-44] rec[-36] rec[-146]
DETECTOR(12, 5, 1) rec[-53] rec[-44] rec[-43] rec[-35] rec[-145]
DETECTOR(12, 7, 1) rec[-52] rec[-43] rec[-42] rec[-34] rec[-144]
DETECTOR(12, 9, 1) rec[-51] rec[-42] rec[-41] rec[-33] rec[-143]
DETECTOR(12, 11, 1) rec[-50] rec[-41] rec[-40] rec[-32] rec[-142]
DETECTOR(12, 13, 1) rec[-49] rec[-40] rec[-39] rec[-31] rec[-141]
DETECTOR(12, 15, 1) rec[-48] rec[-39] rec[-38] rec[-30] rec[-140]
DETECTOR(12, 17, 1) rec[-47] rec[-38] rec[-37] rec[-29] rec[-139]
DETECTOR(12, 19, 1) rec[-46] rec[-37] rec[-138]
DETECTOR(14, 5, 1) rec[-35] rec[-28] rec[-27] rec[-21] rec[-137]
DETECTOR(14, 7, 1) rec[-34] rec[-27] rec[-26] rec[-20] rec[-136]
DETECTOR(14, 9, 1) rec[-33] rec[-26] rec[-25] rec[-19] rec[-135]
DETECTOR(14, 11, 1) rec[-32] rec[-25] rec[-24] rec[-18] rec[-134]
DETECTOR(14, 13, 1) rec[-31] rec[-24] rec[-23] rec[-17] rec[-133]
DETECTOR(14, 15, 1) rec[-30] rec[-23] rec[-22] rec[-16] rec[-132]
DETECTOR(14, 17, 1) rec[-29] rec[-22] rec[-131]
DETECTOR(16, 7, 1) rec[-20] rec[-15] rec[-14] rec[-10] rec[-130]
DETECTOR(16, 9, 1) rec[-19] rec[-14] rec[-13] rec[-9] rec[-129]
DETECTOR(16, 11, 1) rec[-18] rec[-13] rec[-12] rec[-8] rec[-128]
DETECTOR(16, 13, 1) rec[-17] rec[-12] rec[-11] rec[-7] rec[-127]
DETECTOR(16, 15, 1) rec[-16] rec[-11] rec[-126]
DETECTOR(18, 9, 1) rec[-9] rec[-6] rec[-5] rec[-3] rec[-125]
DETECTOR(18, 11, 1) rec[-8] rec[-5] rec[-4] rec[-2] rec[-124]
DETECTOR(18, 13, 1) rec[-7] rec[-4] rec[-123]
DETECTOR(20, 11, 1) rec[-2] rec[-1] rec[-122]
OBSERVABLE_INCLUDE(0) rec[-66] rec[-55] rec[-45] rec[-36] rec[-28] rec[-21] rec[-15] rec[-10] rec[-6] rec[-3] rec[-1]
DEPOLARIZE1(0.001) 181 182 183 184 185 186 187 188 189 190 191 192 193 194 195 196 197 198 199 200 201 202 203 204 205 206 207 208 209 210 211 212 213 214 215 216 217 218 219 220 221 222 223 224 225 226 227 228 229 230 231 232 233 234 235 236 237 238 239 240