QUBIT_COORDS(0, 12) 0
QUBIT_COORDS(1, 11) 1
QUBIT_COORDS(1, 13) 2
QUBIT_COORDS(2, 10) 3
QUBIT_COORDS(2, 12) 4
QUBIT_COORDS(2, 14) 5
QUBIT_COORDS(3, 9) 6
QUBIT_COORDS(3, 11) 7
QUBIT_COORDS(3, 13) 8
QUBIT_COORDS(3, 15) 9
QUBIT_COORDS(4, 8) 10
QUBIT_COORDS(4, 10) 11
QUBIT_COORDS(4, 12) 12
QUBIT_COORDS(4, 14) 13
QUBIT_COORDS(4, 16) 14
QUBIT_COORDS(5, 7) 15
QUBIT_COORDS(5, 9) 16
QUBIT_COORDS(5, 11) 17
QUBIT_COORDS(5, 13) 18
QUBIT_COORDS(5, 15) 19
QUBIT_COORDS(5, 17) 20
QUBIT_COORDS(6, 6) 21
QUBIT_COORDS(6, 8) 22
QUBIT_COORDS(6, 10) 23
QUBIT_COORDS(6, 12) 24
QUBIT_COORDS(6, 14) 25
QUBIT_COORDS(6, 16) 26
QUBIT_COORDS(6, 18) 27
QUBIT_COORDS(7, 5) 28
QUBIT_COORDS(7, 7) 29
QUBIT_COORDS(7, 9) 30
QUBIT_COORDS(7, 11) 31
QUBIT_COORDS(7, 13) 32
QUBIT_COORDS(7, 15) 33
QUBIT_COORDS(7, 17) 34
QUBIT_COORDS(7, 19) 35
QUBIT_COORDS(8, 4) 36
QUBIT_COORDS(8, 6) 37
QUBIT_COORDS(8, 8) 38
QUBIT_COORDS(8, 10) 39
QUBIT_COORDS(8, 12) 40
QUBIT_COORDS(8, 14) 41
QUBIT_COORDS(8, 16) 42
QUBIT_COORDS(8, 18) 43
QUBIT_COORDS(8, 20) 44
QUBIT_COORDS(9, 3) 45
QUBIT_COORDS(9, 5) 46
QUBIT_COORDS(9, 7) 47
QUBIT_COORDS(9, 9) 48
QUBIT_COORDS(9, 11) 49
QUBIT_COORDS(9, 13) 50
QUBIT_COORDS(9, 15) 51
QUBIT_COORDS(9, 17) 52
QUBIT_COORDS(9, 19) 53
QUBIT_COORDS(9, 21) 54
QUBIT_COORDS(10, 2) 55
QUBIT_COORDS(10, 4) 56
QUBIT_COORDS(10, 6) 57
QUBIT_COORDS(10, 8) 58
QUBIT_COORDS(10, 10) 59
QUBIT_COORDS(10, 12) 60
QUBIT_COORDS(10, 14) 61
QUBIT_COORDS(10, 16) 62
QUBIT_COORDS(10, 18) 63
QUBIT_COORDS(10, 20) 64
QUBIT_COORDS(10, 22) 65
QUBIT_COORDS(11, 1) 66
QUBIT_COORDS(11, 3) 67
QUBIT_COORDS(11, 5) 68
QUBIT_COORDS(11, 7) 69
QUBIT_COORDS(11, 9) 70
QUBIT_COORDS(11, 11) 71
QUBIT_COORDS(11, 13) 72
QUBIT_COORDS(11, 15) 73
QUBIT_COORDS(11, 17) 74
QUBIT_COORDS(11, 19) 75
QUBIT_COORDS(11, 21) 76
QUBIT_COORDS(11, 23) 77
QUBIT_COORDS(12, 0) 78
QUBIT_COORDS(12, 2) 79
QUBIT_COORDS(12, 4) 80
QUBIT_COORDS(12, 6) 81
QUBIT_COORDS(12, 8) 82
QUBIT_COORDS(12, 10) 83
QUBIT_COORDS(12, 12) 84
QUBIT_COORDS(12, 14) 85
QUBIT_COORDS(12, 16) 86
QUBIT_COORDS(12, 18) 87
QUBIT_COORDS(12, 20) 88
QUBIT_COORDS(12, 22) 89
QUBIT_COORDS(12, 24) 90
QUBIT_COORDS(13, 1) 91
QUBIT_COORDS(13, 3) 92
QUBIT_COORDS(13, 5) 93
QUBIT_COORDS(13, 7) 94
QUBIT_COORDS(13, 9) 95
QUBIT_COORDS(13, 11) 96
QUBIT_COORDS(13, 13) 97
QUBIT_COORDS(13, 15) 98
QUBIT_COORDS(13, 17) 99
QUBIT_COORDS(13, 19) 100
QUBIT_COORDS(13, 21) 101
QUBIT_COORDS(13, 23) 102
QUBIT_COORDS(14, 2) 103
QUBIT_COORDS(14, 4) 104
QUBIT_COORDS(14, 6) 105
QUBIT_COORDS(14, 8) 106
QUBIT_COORDS(14, 10) 107
QUBIT_COORDS(14, 12) 108
QUBIT_COORDS(14, 14) 109
QUBIT_COORDS(14, 16) 110
QUBIT_COORDS(14, 18) 111
QUBIT_COORDS(14, 20) 112
QUBIT_COORDS(14, 22) 113
QUBIT_COORDS(15, 3) 114
QUBIT_COORDS(15, 5) 115
QUBIT_COORDS(15, 7) 116
QUBIT_COORDS(15, 9) 117
QUBIT_COORDS(15, 11) 118
QUBIT_COORDS(15, 13) 119
QUBIT_COORDS(15, 15) 120
QUBIT_COORDS(15, 17) 121
QUBIT_COORDS(15, 19) 122
QUBIT_COORDS(15, 21) 123
QUBIT_COORDS(16, 4) 124
QUBIT_COORDS(16, 6) 125
QUBIT_COORDS(16, 8) 126
QUBIT_COORDS(16, 10) 127
QUBIT_COORDS(16, 12) 128
QUBIT_COORDS(16, 14) 129
QUBIT_COORDS(16, 16) 130
QUBIT_COORDS(16, 18) 131
QUBIT_COORDS(16, 20) 132
QUBIT_COORDS(17, 5) 133
QUBIT_COORDS(17, 7) 134
QUBIT_COORDS(17, 9) 135
QUBIT_COORDS(17, 11) 136
QUBIT_COORDS(17, 13) 137
QUBIT_COORDS(17, 15) 138
QUBIT_COORDS(17, 17) 139
QUBIT_COORDS(17, 19) 140
QUBIT_COORDS(18, 6) 141
QUBIT_COORDS(18, 8) 142
QUBIT_COORDS(18, 10) 143
QUBIT_COORDS(18, 12) 144
QUBIT_COORDS(18, 14) 145
QUBIT_COORDS(18, 16) 146
QUBIT_COORDS(18, 18) 147
QUBIT_COORDS(19, 7) 148
QUBIT_COORDS(19, 9) 149
QUBIT_COORDS(19, 11) 150
QUBIT_COORDS(19, 13) 151
QUBIT_COORDS(19, 15) 152
QUBIT_COORDS(19, 17) 153
QUBIT_COORDS(20, 8) 154
QUBIT_COORDS(20, 10) 155
QUBIT_COORDS(20, 12) 156
QUBIT_COORDS(20, 14) 157
QUBIT_COORDS(20, 16) 158
QUBIT_COORDS(21, 9) 159
QUBIT_COORDS(21, 11) 160
QUBIT_COORDS(21, 13) 161
QUBIT_COORDS(21, 15) 162
QUBIT_COORDS(22, 10) 163
QUBIT_COORDS(22, 12) 164
QUBIT_COORDS(22, 14) 165
QUBIT_COORDS(23, 11) 166
QUBIT_COORDS(23, 13) 167
QUBIT_COORDS(24, 12) 168
QUBIT_COORDS(0, 11) 169
QUBIT_COORDS(2, 9) 170
QUBIT_COORDS(2, 11) 171
QUBIT_COORDS(2, 13) 172
QUBIT_COORDS(4, 7) 173
QUBIT_COORDS(4, 9) 174
QUBIT_COORDS(4, 11) 175
QUBIT_COORDS(4, 13) 176
QUBIT_COORDS(4, 15) 177
QUBIT_COORDS(6, 5) 178
QUBIT_COORDS(6, 7) 179
QUBIT_COORDS(6, 9) 180
QUBIT_COORDS(6, 11) 181
QUBIT_COORDS(6, 13) 182
QUBIT_COORDS(6, 15) 183
QUBIT_COORDS(6, 17) 184
QUBIT_COORDS(8, 3) 185
QUBIT_COORDS(8, 5) 186
QUBIT_COORDS(8, 7) 187
QUBIT_COORDS(8, 9) 188
QUBIT_COORDS(8, 11) 189
QUBIT_COORDS(8, 13) 190
QUBIT_COORDS(8, 15) 191
QUBIT_COORDS(8, 17) 192
QUBIT_COORDS(8, 19) 193
QUBIT_COORDS(10, 1) 194
QUBIT_COORDS(10, 3) 195
QUBIT_COORDS(10, 5) 196
QUBIT_COORDS(10, 7) 197
QUBIT_COORDS(10, 9) 198
QUBIT_COORDS(10, 11) 199
QUBIT_COORDS(10, 13) 200
QUBIT_COORDS(10, 15) 201
QUBIT_COORDS(10, 17) 202
QUBIT_COORDS(10, 19) 203
QUBIT_COORDS(10, 21) 204
QUBIT_COORDS(12, 1) 205
QUBIT_COORDS(12, 3) 206
QUBIT_COORDS(12, 5) 207
QUBIT_COORDS(12, 7) 208
QUBIT_COORDS(12, 9) 209
QUBIT_COORDS(12, 11) 210
QUBIT_COORDS(12, 13) 211
QUBIT_COORDS(12, 15) 212
QUBIT_COORDS(12, 17) 213
QUBIT_COORDS(12, 19) 214
QUBIT_COORDS(12, 21) 215
QUBIT_COORDS(12, 23) 216
QUBIT_COORDS(14, 3) 217
QUBIT_COORDS(14, 5) 218
QUBIT_COORDS(14, 7) 219
QUBIT_COORDS(14, 9) 220
QUBIT_COORDS(14, 11) 221
QUBIT_COORDS(14, 13) 222
QUBIT_COORDS(14, 15) 223
QUBIT_COORDS(14, 17) 224
QUBIT_COORDS(14, 19) 225
QUBIT_COORDS(14, 21) 226
QUBIT_COORDS(14, 23) 227
QUBIT_COORDS(16, 5) 228
QUBIT_COORDS(16, 7) 229
QUBIT_COORDS(16, 9) 230
QUBIT_COORDS(16, 11) 231
QUBIT_COORDS(16, 13) 232
QUBIT_COORDS(16, 15) 233
QUBIT_COORDS(16, 17) 234
QUBIT_COORDS(16, 19) 235
QUBIT_COORDS(16, 21) 236
QUBIT_COORDS(18, 7) 237
QUBIT_COORDS(18, 9) 238
QUBIT_COORDS(18, 11) 239
QUBIT_COORDS(18, 13) 240
QUBIT_COORDS(18, 15) 241
QUBIT_COORDS(18, 17) 242
QUBIT_COORDS(18, 19) 243
QUBIT_COORDS(20, 9) 244
QUBIT_COORDS(20, 11) 245
QUBIT_COORDS(20, 13) 246
QUBIT_COORDS(20, 15) 247
QUBIT_COORDS(20, 17) 248
QUBIT_COORDS(22, 11) 249
QUBIT_COORDS(22, 13) 250
QUBIT_COORDS(22, 15) 251
QUBIT_COORDS(24, 13) 252
QUBIT_COORDS(1, 12) 253
QUBIT_COORDS(1, 14) 254
QUBIT_COORDS(3, 10) 255
QUBIT_COORDS(3, 12) 256
QUBIT_COORDS(3, 14) 257
QUBIT_COORDS(3, 16) 258
QUBIT_COORDS(5, 8) 259
QUBIT_COORDS(5, 10) 260
QUBIT_COORDS(5, 12) 261
QUBIT_COORDS(5, 14) 262
QUBIT_COORDS(5, 16) 263
QUBIT_COORDS(5, 18) 264
QUBIT_COORDS(7, 6) 265
QUBIT_COORDS(7, 8) 266
QUBIT_COORDS(7, 10) 267
QUBIT_COORDS(7, 12) 268
QUBIT_COORDS(7, 14) 269
QUBIT_COORDS(7, 16) 270
QUBIT_COORDS(7, 18) 271
QUBIT_COORDS(7, 20) 272
QUBIT_COORDS(9, 4) 273
QUBIT_COORDS(9, 6) 274
QUBIT_COORDS(9, 8) 275
QUBIT_COORDS(9, 10) 276
QUBIT_COORDS(9, 12) 277
QUBIT_COORDS(9, 14) 278
QUBIT_COORDS(9, 16) 279
QUBIT_COORDS(9, 18) 280
QUBIT_COORDS(9, 20) 281
QUBIT_COORDS(9, 22) 282
QUBIT_COORDS(11, 2) 283
QUBIT_COORDS(11, 4) 284
QUBIT_COORDS(11, 6) 285
QUBIT_COORDS(11, 8) 286
QUBIT_COORDS(11, 10) 287
QUBIT_COORDS(11, 12) 288
QUBIT_COORDS(11, 14) 289
QUBIT_COORDS(11, 16) 290
QUBIT_COORDS(11, 18) 291
QUBIT_COORDS(11, 20) 292
QUBIT_COORDS(11, 22) 293
QUBIT_COORDS(11, 24) 294
QUBIT_COORDS(13, 0) 295
QUBIT_COORDS(13, 2) 296
QUBIT_COORDS(13, 4) 297
QUBIT_COORDS(13, 6) 298
QUBIT_COORDS(13, 8) 299
QUBIT_COORDS(13, 10) 300
QUBIT_COORDS(13, 12) 301
QUBIT_COORDS(13, 14) 302
QUBIT_COORDS(13, 16) 303
QUBIT_COORDS(13, 18) 304
QUBIT_COORDS(13, 20) 305
QUBIT_COORDS(13, 22) 306
QUBIT_COORDS(15, 2) 307
QUBIT_COORDS(15, 4) 308
QUBIT_COORDS(15, 6) 309
QUBIT_COORDS(15, 8) 310
QUBIT_COORDS(15, 10) 311
QUBIT_COORDS(15, 12) 312
QUBIT_COORDS(15, 14) 313
QUBIT_COORDS(15, 16) 314
QUBIT_COORDS(15, 18) 315
QUBIT_COORDS(15, 20) 316
QUBIT_COORDS(17, 4) 317
QUBIT_COORDS(17, 6) 318
QUBIT_COORDS(17, 8) 319
QUBIT_COORDS(17, 10) 320
QUBIT_COORDS(17, 12) 321
QUBIT_COORDS(17, 14) 322
QUBIT_COORDS(17, 16) 323
QUBIT_COORDS(17, 18) 324
QUBIT_COORDS(19, 6) 325
QUBIT_COORDS(19, 8) 326
QUBIT_COORDS(19, 10) 327
QUBIT_COORDS(19, 12) 328
QUBIT_COORDS(19, 14) 329
QUBIT_COORDS(19, 16) 330
QUBIT_COORDS(21, 8) 331
QUBIT_COORDS(21, 10) 332
QUBIT_COORDS(21, 12) 333
QUBIT_COORDS(21, 14) 334
QUBIT_COORDS(23, 10) 335
QUBIT_COORDS(23, 12) 336
R 0 1 2 3 4 5 6 7 8 9 10 11 12 13 14 15 16 17 18 19 20 21 22 23 24 25 26 27 28 29 30 31 32 33 34 35 36 37 38 39 40 41 42 43 44 45 46 47 48 49 50 51 52 53 54 55 56 57 58 59 60 61 62 63 64 65 66 67 68 69 70 71 72 73 74 75 76 77 78 79 80 81 82 83 84 85 86 87 88 89 90 91 92 93 94 95 96 97 98 99 100 101 102 103 104 105 106 107 108 109 110 111 112 113 114 115 116 117 118 119 120 121 122 123 124 125 126 127 128 129 130 131 132 133 134 135 136 137 138 139 140 141 142 143 144 145 146 147 148 149 150 151 152 153 154 155 156 157 158 159 160 161 162 163 164 165 166 167 168 253 254 255 256 257 258 259 260 261 262 263 264 265 266 267 268 269 270 271 272 273 274 275 276 277 278 279 280 281 282 283 284 285 286 287 288 289 290 291 292 293 294 295 296 297 298 299 300 301 302 303 304 305 306 307 308 309 310 311 312 313 314 315 316 317 318 319 320 321 322 323 324 325 326 327 328 329 330 331 332 333 334 335 336
X_ERROR(0.02) 0 1 2 3 4 5 6 7 8 9 10 11 12 13 14 15 16 17 18 19 20 21 22 23 24 25 26 27 28 29 30 31 32 33 34 35 36 37 38 39 40 41 42 43 44 45 46 47 48 49 50 51 52 53 54 55 56 57 58 59 60 61 62 63 64 65 66 67 68 69 70 71 72 73 74 75 76 77 78 79 80 81 82 83 84 85 86 87 88 89 90 91 92 93 94 95 96 97 98 99 100 101 102 103 104 105 106 107 108 109 110 111 112 113 114 115 116 117 118 119 120 121 122 123 124 125 126 127 128 129 130 131 132 133 134 135 136 137 138 139 140 141 142 143 144 145 146 147 148 149 150 151 152 153 154 155 156 157 158 159 160 161 162 163 164 165 166 167 168 253 254 255 256 257 258 259 260 261 262 263 264 265 266 267 268 269 270 271 272 273 274 275 276 277 278 279 280 281 282 283 284 285 286 287 288 289 290 291 292 293 294 295 296 297 298 299 300 301 302 303 304 305 306 307 308 309 310 311 312 313 314 315 316 317 318 319 320 321 322 323 324 325 326 327 328 329 330 331 332 333 334 335 336
DEPOLARIZE1(0.001) 169 170 171 172 173 174 175 176 177 178 179 180 181 182 183 184 185 186 187 188 189 190 191 192 193 194 195 196 197 198 199 200 201 202 203 204 205 206 207 208 209 210 211 212 213 214 215 216 217 218 219 220 221 222 223 224 225 226 227 228 229 230 231 232 233 234 235 236 237 238 239 240 241 242 243 244 245 246 247 248 249 250 251 252
TICK
H 0 1 2 3 4 5 6 7 8 9 10 11 12 13 14 15 16 17 18 19 20 21 22 23 24 25 26 27 28 29 30 31 32 33 34 35 36 37 38 39 40 41 42 43 44 45 46 47 48 49 50 51 52 53 54 55 56 57 58 59 60 61 62 63 64 65 66 67 68 69 70 71 72 73 74 75 76 77 78 79 80 81 82 83 84 85 86 87 88 89 90 91 92 93 94 95 96 97 98 99 100 101 102 103 104 105 106 107 108 109 110 111 112 113 114 115 116 117 118 119 120 121 122 123 124 125 126 127 128 129 130 131 132 133 134 135 136 137 138 139 140 141 142 143 144 145 146 147 148 149 150 151 152 153 154 155 156 157 158 159 160 161 162 163 164 165 166 167 168 253 254 255 256 257 258 259 260 261 262 263 264 265 266 267 268 269 270 271 272 273 274 275 276 277 278 279 280 281 282 283 284 285 286 287 288 289 290 291 292 293 294 295 296 297 298 299 300 301 302 303 304 305 306 307 308 309 310 311 312 313 314 315 316 317 318 319 320 321 322 323 324 325 326 327 328 329 330 331 332 333 334 335 336
DEPOLARIZE1(0.001) 0 1 2 3 4 5 6 7 8 9 10 11 12 13 14 15 16 17 18 19 20 21 22 23 24 25 26 27 28 29 30 31 32 33 34 35 36 37 38 39 40 41 42 43 44 45 46 47 48 49 50 51 52 53 54 55 56 57 58 59 60 61 62 63 64 65 66 67 68 69 70 71 72 73 74 75 76 77 78 79 80 81 82 83 84 85 86 87 88 89 90 91 92 93 94 95 96 97 98 99 100 101 102 103 104 105 106 107 108 109 110 111 112 113 114 115 116 117 118 119 120 121 122 123 124 125 126 127 128 129 130 131 132 133 134 135 136 137 138 139 140 141 142 143 144 145 146 147 148 149 150 151 152 153 154 155 156 157 158 159 160 161 162 163 164 165 166 167 168 253 254 255 256 257 258 259 260 261 262 263 264 265 266 267 268 269 270 271 272 273 274 275 276 277 278 279 280 281 282 283 284 285 286 287 288 289 290 291 292 293 294 295 296 297 298 299 300 301 302 303 304 305 306 307 308 309 310 311 312 313 314 315 316 317 318 319 320 321 322 323 324 325 326 327 328 329 330 331 332 333 334 335 336 169 170 171 172 173 174 175 176 177 178 179 180 181 182 183 184 185 186 187 188 189 190 191 192 193 194 195 196 197 198 199 200 201 202 203 204 205 206 207 208 209 210 211 212 213 214 215 216 217 218 219 220 221 222 223 224 225 226 227 228 229 230 231 232 233 234 235 236 237 238 239 240 241 242 243 244 245 246 247 248 249 250 251 252
TICK
CZ 253 4 254 5 255 11 256 12 257 13 258 14 259 22 260 23 261 24 262 25 263 26 264 27 265 37 266 38 267 39 268 40 269 41 270 42 271 43 272 44 273 56 274 57 275 58 276 59 277 60 278 61 279 62 280 63 281 64 282 65 283 79 284 80 285 81 286 82 287 83 288 84 289 85 290 86 291 87 292 88 293 89 294 90 296 103 297 104 298 105 299 106 300 107 301 108 302 109 303 110 304 111 305 112 306 113 308 124 309 125 310 126 311 127 312 128 313 129 314 130 315 131 316 132 318 141 319 142 320 143 321 144 322 145 323 146 324 147 326 154 327 155 328 156 329 157 330 158 332 163 333 164 334 165 336 168
DEPOLARIZE2(0.01) 253 4 254 5 255 11 256 12 257 13 258 14 259 22 260 23 261 24 262 25 263 26 264 27 265 37 266 38 267 39 268 40 269 41 270 42 271 43 272 44 273 56 274 57 275 58 276 59 277 60 278 61 279 62 280 63 281 64 282 65 283 79 284 80 285 81 286 82 287 83 288 84 289 85 290 86 291 87 292 88 293 89 294 90 296 103 297 104 298 105 299 106 300 107 301 108 302 109 303 110 304 111 305 112 306 113 308 124 309 125 310 126 311 127 312 128 313 129 314 130 315 131 316 132 318 141 319 142 320 143 321 144 322 145 323 146 324 147 326 154 327 155 328 156 329 157 330 158 332 163 333 164 334 165 336 168
DEPOLARIZE1(0.001) 0 1 2 3 6 7 8 9 10 15 16 17 18 19 20 21 28 29 30 31 32 33 34 35 36 45 46 47 48 49 50 51 52 53 54 55 66 67 68 69 70 71 72 73 74 75 76 77 78 91 92 93 94 95 96 97 98 99 100 101 102 114 115 116 117 118 119 120 121 122 123 133 134 135 136 137 138 139 140 148 149 150 151 152 153 159 160 161 162 166 167 169 170 171 172 173 174 175 176 177 178 179 180 181 182 183 184 185 186 187 188 189 190 191 192 193 194 195 196 197 198 199 200 201 202 203 204 205 206 207 208 209 210 211 212 213 214 215 216 217 218 219 220 221 222 223 224 225 226 227 228 229 230 231 232 233 234 235 236 237 238 239 240 241 242 243 244 245 246 247 248 249 250 251 252 295 307 317 325 331 335
TICK
CZ 253 1 254 2 255 6 256 7 257 8 258 9 259 15 260 16 261 17 262 18 263 19 264 20 265 28 266 29 267 30 268 31 269 32 270 33 271 34 272 35 273 45 274 46 275 47 276 48 277 49 278 50 279 51 280 52 281 53 282 54 283 66 284 67 285 68 286 69 287 70 288 71 289 72 290 73 291 74 292 75 293 76 294 77 296 91 297 92 298 93 299 94 300 95 301 96 302 97 303 98 304 99 305 100 306 101 308 114 309 115 310 116 311 117 312 118 313 119 314 120 315 121 316 122 318 133 319 134 320 135 321 136 322 137 323 138 324 139 326 148 327 149 328 150 329 151 330 152 332 159 333 160 334 161 336 166
DEPOLARIZE2(0.01) 253 1 254 2 255 6 256 7 257 8 258 9 259 15 260 16 261 17 262 18 263 19 264 20 265 28 266 29 267 30 268 31 269 32 270 33 271 34 272 35 273 45 274 46 275 47 276 48 277 49 278 50 279 51 280 52 281 53 282 54 283 66 284 67 285 68 286 69 287 70 288 71 289 72 290 73 291 74 292 75 293 76 294 77 296 91 297 92 298 93 299 94 300 95 301 96 302 97 303 98 304 99 305 100 306 101 308 114 309 115 310 116 311 117 312 118 313 119 314 120 315 121 316 122 318 133 319 134 320 135 321 136 322 137 323 138 324 139 326 148 327 149 328 150 329 151 330 152 332 159 333 160 334 161 336 166
DEPOLARIZE1(0.001) 0 3 4 5 10 11 12 13 14 21 22 23 24 25 26 27 36 37 38 39 40 41 42 43 44 55 56 57 58 59 60 61 62 63 64 65 78 79 80 81 82 83 84 85 86 87 88 89 90 102 103 104 105 106 107 108 109 110 111 112 113 123 124 125 126 127 128 129 130 131 132 140 141 142 143 144 145 146 147 153 154 155 156 157 158 162 163 164 165 167 168 169 170 171 172 173 174 175 176 177 178 179 180 181 182 183 184 185 186 187 188 189 190 191 192 193 194 195 196 197 198 199 200 201 202 203 204 205 206 207 208 209 210 211 212 213 214 215 216 217 218 219 220 221 222 223 224 225 226 227 228 229 230 231 232 233 234 235 236 237 238 239 240 241 242 243 244 245 246 247 248 249 250 251 252 295 307 317 325 331 335
TICK
CZ 253 2 255 7 256 8 257 9 259 16 260 17 261 18 262 19 263 20 265 29 266 30 267 31 268 32 269 33 270 34 271 35 273 46 274 47 275 48 276 49 277 50 278 51 279 52 280 53 281 54 283 67 284 68 285 69 286 70 287 71 288 72 289 73 290 74 291 75 292 76 293 77 295 91 296 92 297 93 298 94 299 95 300 96 301 97 302 98 303 99 304 100 305 101 306 102 307 114 308 115 309 116 310 117 311 118 312 119 313 120 314 121 315 122 316 123 317 133 318 134 319 135 320 136 321 137 322 138 323 139 324 140 325 148 326 149 327 150 328 151 329 152 330 153 331 159 332 160 333 161 334 162 335 166 336 167
DEPOLARIZE2(0.01) 253 2 255 7 256 8 257 9 259 16 260 17 261 18 262 19 263 20 265 29 266 30 267 31 268 32 269 33 270 34 271 35 273 46 274 47 275 48 276 49 277 50 278 51 279 52 280 53 281 54 283 67 284 68 285 69 286 70 287 71 288 72 289 73 290 74 291 75 292 76 293 77 295 91 296 92 297 93 298 94 299 95 300 96 301 97 302 98 303 99 304 100 305 101 306 102 307 114 308 115 309 116 310 117 311 118 312 119 313 120 314 121 315 122 316 123 317 133 318 134 319 135 320 136 321 137 322 138 323 139 324 140 325 148 326 149 327 150 328 151 329 152 330 153 331 159 332 160 333 161 334 162 335 166 336 167
DEPOLARIZE1(0.001) 0 1 3 4 5 6 10 11 12 13 14 15 21 22 23 24 25 26 27 28 36 37 38 39 40 41 42 43 44 45 55 56 57 58 59 60 61 62 63 64 65 66 78 79 80 81 82 83 84 85 86 87 88 89 90 103 104 105 106 107 108 109 110 111 112 113 124 125 126 127 128 129 130 131 132 141 142 143 144 145 146 147 154 155 156 157 158 163 164 165 168 169 170 171 172 173 174 175 176 177 178 179 180 181 182 183 184 185 186 187 188 189 190 191 192 193 194 195 196 197 198 199 200 201 202 203 204 205 206 207 208 209 210 211 212 213 214 215 216 217 218 219 220 221 222 223 224 225 226 227 228 229 230 231 232 233 234 235 236 237 238 239 240 241 242 243 244 245 246 247 248 249 250 251 252 254 258 264 272 282 294
TICK
CZ 253 0 255 3 256 4 257 5 259 10 260 11 261 12 262 13 263 14 265 21 266 22 267 23 268 24 269 25 270 26 271 27 273 36 274 37 275 38 276 39 277 40 278 41 279 42 280 43 281 44 283 55 284 56 285 57 286 58 287 59 288 60 289 61 290 62 291 63 292 64 293 65 295 78 296 79 297 80 298 81 299 82 300 83 301 84 302 85 303 86 304 87 305 88 306 89 307 103 308 104 309 105 310 106 311 107 312 108 313 109 314 110 315 111 316 112 317 124 318 125 319 126 320 127 321 128 322 129 323 130 324 131 325 141 326 142 327 143 328 144 329 145 330 146 331 154 332 155 333 156 334 157 335 163 336 164
R 169 170 171 172 173 174 175 176 177 178 179 180 181 182 183 184 185 186 187 188 189 190 191 192 193 194 195 196 197 198 199 200 201 202 203 204 205 206 207 208 209 210 211 212 213 214 215 216 217 218 219 220 221 222 223 224 225 226 227 228 229 230 231 232 233 234 235 236 237 238 239 240 241 242 243 244 245 246 247 248 249 250 251 252
DEPOLARIZE2(0.01) 253 0 255 3 256 4 257 5 259 10 260 11 261 12 262 13 263 14 265 21 266 22 267 23 268 24 269 25 270 26 271 27 273 36 274 37 275 38 276 39 277 40 278 41 279 42 280 43 281 44 283 55 284 56 285 57 286 58 287 59 288 60 289 61 290 62 291 63 292 64 293 65 295 78 296 79 297 80 298 81 299 82 300 83 301 84 302 85 303 86 304 87 305 88 306 89 307 103 308 104 309 105 310 106 311 107 312 108 313 109 314 110 315 111 316 112 317 124 318 125 319 126 320 127 321 128 322 129 323 130 324 131 325 141 326 142 327 143 328 144 329 145 330 146 331 154 332 155 333 156 334 157 335 163 336 164
X_ERROR(0.02) 169 170 171 172 173 174 175 176 177 178 179 180 181 182 183 184 185 186 187 188 189 190 191 192 193 194 195 196 197 198 199 200 201 202 203 204 205 206 207 208 209 210 211 212 213 214 215 216 217 218 219 220 221 222 223 224 225 226 227 228 229 230 231 232 233 234 235 236 237 238 239 240 241 242 243 244 245 246 247 248 249 250 251 252
DEPOLARIZE1(0.001) 1 2 6 7 8 9 15 16 17 18 19 20 28 29 30 31 32 33 34 35 45 46 47 48 49 50 51 52 53 54 66 67 68 69 70 71 72 73 74 75 76 77 90 91 92 93 94 95 96 97 98 99 100 101 102 113 114 115 116 117 118 119 120 121 122 123 132 133 134 135 136 137 138 139 140 147 148 149 150 151 152 153 158 159 160 161 162 165 166 167 168 254 258 264 272 282 294
TICK
H 0 1 2 3 4 5 6 7 8 9 10 11 12 13 14 15 16 17 18 19 20 21 22 23 24 25 26 27 28 29 30 31 32 33 34 35 36 37 38 39 40 41 42 43 44 45 46 47 48 49 50 51 52 53 54 55 56 57 58 59 60 61 62 63 64 65 66 67 68 69 70 71 72 73 74 75 76 77 78 79 80 81 82 83 84 85 86 87 88 89 90 91 92 93 94 95 96 97 98 99 100 101 102 103 104 105 106 107 108 109 110 111 112 113 114 115 116 117 118 119 120 121 122 123 124 125 126 127 128 129 130 131 132 133 134 135 136 137 138 139 140 141 142 143 144 145 146 147 148 149 150 151 152 153 154 155 156 157 158 159 160 161 162 163 164 165 166 167 168 169 170 171 172 173 174 175 176 177 178 179 180 181 182 183 184 185 186 187 188 189 190 191 192 193 194 195 196 197 198 199 200 201 202 203 204 205 206 207 208 209 210 211 212 213 214 215 216 217 218 219 220 221 222 223 224 225 226 227 228 229 230 231 232 233 234 235 236 237 238 239 240 241 242 243 244 245 246 247 248 249 250 251 252 253 254 255 256 257 258 259 260 261 262 263 264 265 266 267 268 269 270 271 272 273 274 275 276 277 278 279 280 281 282 283 284 285 286 287 288 289 290 291 292 293 294 295 296 297 298 299 300 301 302 303 304 305 306 307 308 309 310 311 312 313 314 315 316 317 318 319 320 321 322 323 324 325 326 327 328 329 330 331 332 333 334 335 336
DEPOLARIZE1(0.001) 0 1 2 3 4 5 6 7 8 9 10 11 12 13 14 15 16 17 18 19 20 21 22 23 24 25 26 27 28 29 30 31 32 33 34 35 36 37 38 39 40 41 42 43 44 45 46 47 48 49 50 51 52 53 54 55 56 57 58 59 60 61 62 63 64 65 66 67 68 69 70 71 72 73 74 75 76 77 78 79 80 81 82 83 84 85 86 87 88 89 90 91 92 93 94 95 96 97 98 99 100 101 102 103 104 105 106 107 108 109 110 111 112 113 114 115 116 117 118 119 120 121 122 123 124 125 126 127 128 129 130 131 132 133 134 135 136 137 138 139 140 141 142 143 144 145 146 147 148 149 150 151 152 153 154 155 156 157 158 159 160 161 162 163 164 165 166 167 168 169 170 171 172 173 174 175 176 177 178 179 180 181 182 183 184 185 186 187 188 189 190 191 192 193 194 195 196 197 198 199 200 201 202 203 204 205 206 207 208 209 210 211 212 213 214 215 216 217 218 219 220 221 222 223 224 225 226 227 228 229 230 231 232 233 234 235 236 237 238 239 240 241 242 243 244 245 246 247 248 249 250 251 252 253 254 255 256 257 258 259 260 261 262 263 264 265 266 267 268 269 270 271 272 273 274 275 276 277 278 279 280 281 282 283 284 285 286 287 288 289 290 291 292 293 294 295 296 297 298 299 300 301 302 303 304 305 306 307 308 309 310 311 312 313 314 315 316 317 318 319 320 321 322 323 324 325 326 327 328 329 330 331 332 333 334 335 336
TICK
X_ERROR(0.05) 253 254 255 256 257 258 259 260 261 262 263 264 265 266 267 268 269 270 271 272 273 274 275 276 277 278 279 280 281 282 283 284 285 286 287 288 289 290 291 292 293 294 295 296 297 298 299 300 301 302 303 304 305 306 307 308 309 310 311 312 313 314 315 316 317 318 319 320 321 322 323 324 325 326 327 328 329 330 331 332 333 334 335 336
M 253 254 255 256 257 258 259 260 261 262 263 264 265 266 267 268 269 270 271 272 273 274 275 276 277 278 279 280 281 282 283 284 285 286 287 288 289 290 291 292 293 294 295 296 297 298 299 300 301 302 303 304 305 306 307 308 309 310 311 312 313 314 315 316 317 318 319 320 321 322 323 324 325 326 327 328 329 330 331 332 333 334 335 336
CZ 169 1 170 6 171 7 172 8 173 15 174 16 175 17 176 18 177 19 178 28 179 29 180 30 181 31 182 32 183 33 184 34 185 45 186 46 187 47 188 48 189 49 190 50 191 51 192 52 193 53 194 66 195 67 196 68 197 69 198 70 199 71 200 72 201 73 202 74 203 75 204 76 205 91 206 92 207 93 208 94 209 95 210 96 211 97 212 98 213 99 214 100 215 101 216 102 217 114 218 115 219 116 220 117 221 118 222 119 223 120 224 121 225 122 226 123 228 133 229 134 230 135 231 136 232 137 233 138 234 139 235 140 237 148 238 149 239 150 240 151 241 152 242 153 244 159 245 160 246 161 247 162 249 166 250 167
DEPOLARIZE2(0.01) 169 1 170 6 171 7 172 8 173 15 174 16 175 17 176 18 177 19 178 28 179 29 180 30 181 31 182 32 183 33 184 34 185 45 186 46 187 47 188 48 189 49 190 50 191 51 192 52 193 53 194 66 195 67 196 68 197 69 198 70 199 71 200 72 201 73 202 74 203 75 204 76 205 91 206 92 207 93 208 94 209 95 210 96 211 97 212 98 213 99 214 100 215 101 216 102 217 114 218 115 219 116 220 117 221 118 222 119 223 120 224 121 225 122 226 123 228 133 229 134 230 135 231 136 232 137 233 138 234 139 235 140 237 148 238 149 239 150 240 151 241 152 242 153 244 159 245 160 246 161 247 162 249 166 250 167
DEPOLARIZE1(0.001) 0 2 3 4 5 9 10 11 12 13 14 20 21 22 23 24 25 26 27 35 36 37 38 39 40 41 42 43 44 54 55 56 57 58 59 60 61 62 63 64 65 77 78 79 80 81 82 83 84 85 86 87 88 89 90 103 104 105 106 107 108 109 110 111 112 113 124 125 126 127 128 129 130 131 132 141 142 143 144 145 146 147 154 155 156 157 158 163 164 165 168 227 236 243 248 251 252
TICK
CZ 169 0 170 3 171 4 172 5 173 10 174 11 175 12 176 13 177 14 178 21 179 22 180 23 181 24 182 25 183 26 184 27 185 36 186 37 187 38 188 39 189 40 190 41 191 42 192 43 193 44 194 55 195 56 196 57 197 58 198 59 199 60 200 61 201 62 202 63 203 64 204 65 205 79 206 80 207 81 208 82 209 83 210 84 211 85 212 86 213 87 214 88 215 89 216 90 217 104 218 105 219 106 220 107 221 108 222 109 223 110 224 111 225 112 226 113 228 125 229 126 230 127 231 128 232 129 233 130 234 131 235 132 237 142 238 143 239 144 240 145 241 146 242 147 244 155 245 156 246 157 247 158 249 164 250 165
DEPOLARIZE2(0.01) 169 0 170 3 171 4 172 5 173 10 174 11 175 12 176 13 177 14 178 21 179 22 180 23 181 24 182 25 183 26 184 27 185 36 186 37 187 38 188 39 189 40 190 41 191 42 192 43 193 44 194 55 195 56 196 57 197 58 198 59 199 60 200 61 201 62 202 63 203 64 204 65 205 79 206 80 207 81 208 82 209 83 210 84 211 85 212 86 213 87 214 88 215 89 216 90 217 104 218 105 219 106 220 107 221 108 222 109 223 110 224 111 225 112 226 113 228 125 229 126 230 127 231 128 232 129 233 130 234 131 235 132 237 142 238 143 239 144 240 145 241 146 242 147 244 155 245 156 246 157 247 158 249 164 250 165
DEPOLARIZE1(0.001) 1 2 6 7 8 9 15 16 17 18 19 20 28 29 30 31 32 33 34 35 45 46 47 48 49 50 51 52 53 54 66 67 68 69 70 71 72 73 74 75 76 77 78 91 92 93 94 95 96 97 98 99 100 101 102 103 114 115 116 117 118 119 120 121 122 123 124 133 134 135 136 137 138 139 140 141 148 149 150 151 152 153 154 159 160 161 162 163 166 167 168 227 236 243 248 251 252 253 254 255 256 257 258 259 260 261 262 263 264 265 266 267 268 269 270 271 272 273 274 275 276 277 278 279 280 281 282 283 284 285 286 287 288 289 290 291 292 293 294 295 296 297 298 299 300 301 302 303 304 305 306 307 308 309 310 311 312 313 314 315 316 317 318 319 320 321 322 323 324 325 326 327 328 329 330 331 332 333 334 335 336
TICK
CZ 171 3 172 4 174 10 175 11 176 12 177 13 179 21 180 22 181 23 182 24 183 25 184 26 186 36 187 37 188 38 189 39 190 40 191 41 192 42 193 43 195 55 196 56 197 57 198 58 199 59 200 60 201 61 202 62 203 63 204 64 205 78 206 79 207 80 208 81 209 82 210 83 211 84 212 85 213 86 214 87 215 88 216 89 217 103 218 104 219 105 220 106 221 107 222 108 223 109 224 110 225 111 226 112 227 113 228 124 229 125 230 126 231 127 232 128 233 129 234 130 235 131 236 132 237 141 238 142 239 143 240 144 241 145 242 146 243 147 244 154 245 155 246 156 247 157 248 158 249 163 250 164 251 165 252 168
DEPOLARIZE2(0.01) 171 3 172 4 174 10 175 11 176 12 177 13 179 21 180 22 181 23 182 24 183 25 184 26 186 36 187 37 188 38 189 39 190 40 191 41 192 42 193 43 195 55 196 56 197 57 198 58 199 59 200 60 201 61 202 62 203 63 204 64 205 78 206 79 207 80 208 81 209 82 210 83 211 84 212 85 213 86 214 87 215 88 216 89 217 103 218 104 219 105 220 106 221 107 222 108 223 109 224 110 225 111 226 112 227 113 228 124 229 125 230 126 231 127 232 128 233 129 234 130 235 131 236 132 237 141 238 142 239 143 240 144 241 145 242 146 243 147 244 154 245 155 246 156 247 157 248 158 249 163 250 164 251 165 252 168
DEPOLARIZE1(0.001) 0 1 2 5 6 7 8 9 14 15 16 17 18 19 20 27 28 29 30 31 32 33 34 35 44 45 46 47 48 49 50 51 52 53 54 65 66 67 68 69 70 71 72 73 74 75 76 77 90 91 92 93 94 95 96 97 98 99 100 101 102 114 115 116 117 118 119 120 121 122 123 133 134 135 136 137 138 139 140 148 149 150 151 152 153 159 160 161 162 166 167 169 170 173 178 185 194 253 254 255 256 257 258 259 260 261 262 263 264 265 266 267 268 269 270 271 272 273 274 275 276 277 278 279 280 281 282 283 284 285 286 287 288 289 290 291 292 293 294 295 296 297 298 299 300 301 302 303 304 305 306 307 308 309 310 311 312 313 314 315 316 317 318 319 320 321 322 323 324 325 326 327 328 329 330 331 332 333 334 335 336
TICK
CZ 171 1 172 2 174 6 175 7 176 8 177 9 179 15 180 16 181 17 182 18 183 19 184 20 186 28 187 29 188 30 189 31 190 32 191 33 192 34 193 35 195 45 196 46 197 47 198 48 199 49 200 50 201 51 202 52 203 53 204 54 205 66 206 67 207 68 208 69 209 70 210 71 211 72 212 73 213 74 214 75 215 76 216 77 217 92 218 93 219 94 220 95 221 96 222 97 223 98 224 99 225 100 226 101 227 102 228 115 229 116 230 117 231 118 232 119 233 120 234 121 235 122 236 123 237 134 238 135 239 136 240 137 241 138 242 139 243 140 244 149 245 150 246 151 247 152 248 153 249 160 250 161 251 162 252 167
DEPOLARIZE2(0.01) 171 1 172 2 174 6 175 7 176 8 177 9 179 15 180 16 181 17 182 18 183 19 184 20 186 28 187 29 188 30 189 31 190 32 191 33 192 34 193 35 195 45 196 46 197 47 198 48 199 49 200 50 201 51 202 52 203 53 204 54 205 66 206 67 207 68 208 69 209 70 210 71 211 72 212 73 213 74 214 75 215 76 216 77 217 92 218 93 219 94 220 95 221 96 222 97 223 98 224 99 225 100 226 101 227 102 228 115 229 116 230 117 231 118 232 119 233 120 234 121 235 122 236 123 237 134 238 135 239 136 240 137 241 138 242 139 243 140 244 149 245 150 246 151 247 152 248 153 249 160 250 161 251 162 252 167
DEPOLARIZE1(0.001) 0 3 4 5 10 11 12 13 14 21 22 23 24 25 26 27 36 37 38 39 40 41 42 43 44 55 56 57 58 59 60 61 62 63 64 65 78 79 80 81 82 83 84 85 86 87 88 89 90 91 103 104 105 106 107 108 109 110 111 112 113 114 124 125 126 127 128 129 130 131 132 133 141 142 143 144 145 146 147 148 154 155 156 157 158 159 163 164 165 166 168 169 170 173 178 185 194 253 254 255 256 257 258 259 260 261 262 263 264 265 266 267 268 269 270 271 272 273 274 275 276 277 278 279 280 281 282 283 284 285 286 287 288 289 290 291 292 293 294 295 296 297 298 299 300 301 302 303 304 305 306 307 308 309 310 311 312 313 314 315 316 317 318 319 320 321 322 323 324 325 326 327 328 329 330 331 332 333 334 335 336
TICK
H 169 170 171 172 173 174 175 176 177 178 179 180 181 182 183 184 185 186 187 188 189 190 191 192 193 194 195 196 197 198 199 200 201 202 203 204 205 206 207 208 209 210 211 212 213 214 215 216 217 218 219 220 221 222 223 224 225 226 227 228 229 230 231 232 233 234 235 236 237 238 239 240 241 242 243 244 245 246 247 248 249 250 251 252
DEPOLARIZE1(0.001) 169 170 171 172 173 174 175 176 177 178 179 180 181 182 183 184 185 186 187 188 189 190 191 192 193 194 195 196 197 198 199 200 201 202 203 204 205 206 207 208 209 210 211 212 213 214 215 216 217 218 219 220 221 222 223 224 225 226 227 228 229 230 231 232 233 234 235 236 237 238 239 240 241 242 243 244 245 246 247 248 249 250 251 252 0 1 2 3 4 5 6 7 8 9 10 11 12 13 14 15 16 17 18 19 20 21 22 23 24 25 26 27 28 29 30 31 32 33 34 35 36 37 38 39 40 41 42 43 44 45 46 47 48 49 50 51 52 53 54 55 56 57 58 59 60 61 62 63 64 65 66 67 68 69 70 71 72 73 74 75 76 77 78 79 80 81 82 83 84 85 86 87 88 89 90 91 92 93 94 95 96 97 98 99 100 101 102 103 104 105 106 107 108 109 110 111 112 113 114 115 116 117 118 119 120 121 122 123 124 125 126 127 128 129 130 131 132 133 134 135 136 137 138 139 140 141 142 143 144 145 146 147 148 149 150 151 152 153 154 155 156 157 158 159 160 161 162 163 164 165 166 167 168 253 254 255 256 257 258 259 260 261 262 263 264 265 266 267 268 269 270 271 272 273 274 275 276 277 278 279 280 281 282 283 284 285 286 287 288 289 290 291 292 293 294 295 296 297 298 299 300 301 302 303 304 305 306 307 308 309 310 311 312 313 314 315 316 317 318 319 320 321 322 323 324 325 326 327 328 329 330 331 332 333 334 335 336
TICK
X_ERROR(0.05) 169 170 171 172 173 174 175 176 177 178 179 180 181 182 183 184 185 186 187 188 189 190 191 192 193 194 195 196 197 198 199 200 201 202 203 204 205 206 207 208 209 210 211 212 213 214 215 216 217 218 219 220 221 222 223 224 225 226 227 228 229 230 231 232 233 234 235 236 237 238 239 240 241 242 243 244 245 246 247 248 249 250 251 252 0 1 2 3 4 5 6 7 8 9 10 11 12 13 14 15 16 17 18 19 20 21 22 23 24 25 26 27 28 29 30 31 32 33 34 35 36 37 38 39 40 41 42 43 44 45 46 47 48 49 50 51 52 53 54 55 56 57 58 59 60 61 62 63 64 65 66 67 68 69 70 71 72 73 74 75 76 77 78 79 80 81 82 83 84 85 86 87 88 89 90 91 92 93 94 95 96 97 98 99 100 101 102 103 104 105 106 107 108 109 110 111 112 113 114 115 116 117 118 119 120 121 122 123 124 125 126 127 128 129 130 131 132 133 134 135 136 137 138 139 140 141 142 143 144 145 146 147 148 149 150 151 152 153 154 155 156 157 158 159 160 161 162 163 164 165 166 167 168
M 169 170 171 172 173 174 175 176 177 178 179 180 181 182 183 184 185 186 187 188 189 190 191 192 193 194 195 196 197 198 199 200 201 202 203 204 205 206 207 208 209 210 211 212 213 214 215 216 217 218 219 220 221 222 223 224 225 226 227 228 229 230 231 232 233 234 235 236 237 238 239 240 241 242 243 244 245 246 247 248 249 250 251 252
DETECTOR(0, 11, 0) rec[-84]
DETECTOR(2, 9, 0) rec[-83]
DETECTOR(2, 11, 0) rec[-82]
DETECTOR(2, 13, 0) rec[-81]
DETECTOR(4, 7, 0) rec[-80]
DETECTOR(4, 9, 0) rec[-79]
DETECTOR(4, 11, 0) rec[-78]
DETECTOR(4, 13, 0) rec[-77]
DETECTOR(4, 15, 0) rec[-76]
DETECTOR(6, 5, 0) rec[-75]
DETECTOR(6, 7, 0) rec[-74]
DETECTOR(6, 9, 0) rec[-73]
DETECTOR(6, 11, 0) rec[-72]
DETECTOR(6, 13, 0) rec[-71]
DETECTOR(6, 15, 0) rec[-70]
DETECTOR(6, 17, 0) rec[-69]
DETECTOR(8, 3, 0) rec[-68]
DETECTOR(8, 5, 0) rec[-67]
DETECTOR(8, 7, 0) rec[-66]
DETECTOR(8, 9, 0) rec[-65]
DETECTOR(8, 11, 0) rec[-64]
DETECTOR(8, 13, 0) rec[-63]
DETECTOR(8, 15, 0) rec[-62]
DETECTOR(8, 17, 0) rec[-61]
DETECTOR(8, 19, 0) rec[-60]
DETECTOR(10, 1, 0) rec[-59]
DETECTOR(10, 3, 0) rec[-58]
DETECTOR(10, 5, 0) rec[-57]
DETECTOR(10, 7, 0) rec[-56]
DETECTOR(10, 9, 0) rec[-55]
DETECTOR(10, 11, 0) rec[-54]
DETECTOR(10, 13, 0) rec[-53]
DETECTOR(10, 15, 0) rec[-52]
DETECTOR(10, 17, 0) rec[-51]
DETECTOR(10, 19, 0) rec[-50]
DETECTOR(10, 21, 0) rec[-49]
DETECTOR(12, 1, 0) rec[-48]
DETECTOR(12, 3, 0) rec[-47]
DETECTOR(12, 5, 0) rec[-46]
DETECTOR(12, 7, 0) rec[-45]
DETECTOR(12, 9, 0) rec[-44]
DETECTOR(12, 11, 0) rec[-43]
DETECTOR(12, 13, 0) rec[-42]
DETECTOR(12, 15, 0) rec[-41]
DETECTOR(12, 17, 0) rec[-40]
DETECTOR(12, 19, 0) rec[-39]
DETECTOR(12, 21, 0) rec[-38]
DETECTOR(12, 23, 0) rec[-37]
DETECTOR(14, 3, 0) rec[-36]
DETECTOR(14, 5, 0) rec[-35]
DETECTOR(14, 7, 0) rec[-34]
DETECTOR(14, 9, 0) rec[-33]
DETECTOR(14, 11, 0) rec[-32]
DETECTOR(14, 13, 0) rec[-31]
DETECTOR(14, 15, 0) rec[-30]
DETECTOR(14, 17, 0) rec[-29]
DETECTOR(14, 19, 0) rec[-28]
DETECTOR(14, 21, 0) rec[-27]
DETECTOR(14, 23, 0) rec[-26]
DETECTOR(16, 5, 0) rec[-25]
DETECTOR(16, 7, 0) rec[-24]
DETECTOR(16, 9, 0) rec[-23]
DETECTOR(16, 11, 0) rec[-22]
DETECTOR(16, 13, 0) rec[-21]
DETECTOR(16, 15, 0) rec[-20]
DETECTOR(16, 17, 0) rec[-19]
DETECTOR(16, 19, 0) rec[-18]
DETECTOR(16, 21, 0) rec[-17]
DETECTOR(18, 7, 0) rec[-16]
DETECTOR(18, 9, 0) rec[-15]
DETECTOR(18, 11, 0) rec[-14]
DETECTOR(18, 13, 0) rec[-13]
DETECTOR(18, 15, 0) rec[-12]
DETECTOR(18, 17, 0) rec[-11]
DETECTOR(18, 19, 0) rec[-10]
DETECTOR(20, 9, 0) rec[-9]
DETECTOR(20, 11, 0) rec[-8]
DETECTOR(20, 13, 0) rec[-7]
DETECTOR(20, 15, 0) rec[-6]
DETECTOR(20, 17, 0) rec[-5]
DETECTOR(22, 11, 0) rec[-4]
DETECTOR(22, 13, 0) rec[-3]
DETECTOR(22, 15, 0) rec[-2]
DETECTOR(24, 13, 0) rec[-1]
M 0 1 2 3 4 5 6 7 8 9 10 11 12 13 14 15 16 17 18 19 20 21 22 23 24 25 26 27 28 29 30 31 32 33 34 35 36 37 38 39 40 41 42 43 44 45 46 47 48 49 50 51 52 53 54 55 56 57 58 59 60 61 62 63 64 65 66 67 68 69 70 71 72 73 74 75 76 77 78 79 80 81 82 83 84 85 86 87 88 89 90 91 92 93 94 95 96 97 98 99 100 101 102 103 104 105 106 107 108 109 110 111 112 113 114 115 116 117 118 119 120 121 122 123 124 125 126 127 128 129 130 131 132 133 134 135 136 137 138 139 140 141 142 143 144 145 146 147 148 149 150 151 152 153 154 155 156 157 158 159 160 161 162 163 164 165 166 167 168
DETECTOR(0, 11, 1) rec[-169] rec[-168] rec[-253]
DETECTOR(2, 9, 1) rec[-166] rec[-163] rec[-252]
DETECTOR(2, 11, 1) rec[-168] rec[-166] rec[-165] rec[-162] rec[-251]
DETECTOR(2, 13, 1) rec[-167] rec[-165] rec[-164] rec[-161] rec[-250]
DETECTOR(4, 7, 1) rec[-159] rec[-154] rec[-249]
DETECTOR(4, 9, 1) rec[-163] rec[-159] rec[-158] rec[-153] rec[-248]
DETECTOR(4, 11, 1) rec[-162] rec[-158] rec[-157] rec[-152] rec[-247]
DETECTOR(4, 13, 1) rec[-161] rec[-157] rec[-156] rec[-151] rec[-246]
DETECTOR(4, 15, 1) rec[-160] rec[-156] rec[-155] rec[-150] rec[-245]
DETECTOR(6, 5, 1) rec[-148] rec[-141] rec[-244]
DETECTOR(6, 7, 1) rec[-154] rec[-148] rec[-147] rec[-140] rec[-243]
DETECTOR(6, 9, 1) rec[-153] rec[-147] rec[-146] rec[-139] rec[-242]
DETECTOR(6, 11, 1) rec[-152] rec[-146] rec[-145] rec[-138] rec[-241]
DETECTOR(6, 13, 1) rec[-151] rec[-145] rec[-144] rec[-137] rec[-240]
DETECTOR(6, 15, 1) rec[-150] rec[-144] rec[-143] rec[-136] rec[-239]
DETECTOR(6, 17, 1) rec[-149] rec[-143] rec[-142] rec[-135] rec[-238]
DETECTOR(8, 3, 1) rec[-133] rec[-124] rec[-237]
DETECTOR(8, 5, 1) rec[-141] rec[-133] rec[-132] rec[-123] rec[-236]
DETECTOR(8, 7, 1) rec[-140] rec[-132] rec[-131] rec[-122] rec[-235]
DETECTOR(8, 9, 1) rec[-139] rec[-131] rec[-130] rec[-121] rec[-234]
DETECTOR(8, 11, 1) rec[-138] rec[-130] rec[-129] rec[-120] rec[-233]
DETECTOR(8, 13, 1) rec[-137] rec[-129] rec[-128] rec[-119] rec[-232]
DETECTOR(8, 15, 1) rec[-136] rec[-128] rec[-127] rec[-118] rec[-231]
DETECTOR(8, 17, 1) rec[-135] rec[-127] rec[-126] rec[-117] rec[-230]
DETECTOR(8, 19, 1) rec[-134] rec[-126] rec[-125] rec[-116] rec[-229]
DETECTOR(10, 1, 1) rec[-114] rec[-103] rec[-228]
DETECTOR(10, 3, 1) rec[-124] rec[-114] rec[-113] rec[-102] rec[-227]
DETECTOR(10, 5, 1) rec[-123] rec[-113] rec[-112] rec[-101] rec[-226]
DETECTOR(10, 7, 1) rec[-122] rec[-112] rec[-111] rec[-100] rec[-225]
DETECTOR(10, 9, 1) rec[-121] rec[-111] rec[-110] rec[-99] rec[-224]
DETECTOR(10, 11, 1) rec[-120] rec[-110] rec[-109] rec[-98] rec[-223]
DETECTOR(10, 13, 1) rec[-119] rec[-109] rec[-108] rec[-97] rec[-222]
DETECTOR(10, 15, 1) rec[-118] rec[-108] rec[-107] rec[-96] rec[-221]
DETECTOR(10, 17, 1) rec[-117] rec[-107] rec[-106] rec[-95] rec[-220]
DETECTOR(10, 19, 1) rec[-116] rec[-106] rec[-105] rec[-94] rec[-219]
DETECTOR(10, 21, 1) rec[-115] rec[-105] rec[-104] rec[-93] rec[-218]
DETECTOR(12, 1, 1) rec[-103] rec[-91] rec[-90] rec[-78] rec[-217]
DETECTOR(12, 3, 1) rec[-102] rec[-90] rec[-89] rec[-77] rec[-216]
DETECTOR(12, 5, 1) rec[-101] rec[-89] rec[-88] rec[-76] rec[-215]
DETECTOR(12, 7, 1) rec[-100] rec[-88] rec[-87] rec[-75] rec[-214]
DETECTOR(12, 9, 1) rec[-99] rec[-87] rec[-86] rec[-74] rec[-213]
DETECTOR(12, 11, 1) rec[-98] rec[-86] rec[-85] rec[-73] rec[-212]
DETECTOR(12, 13, 1) rec[-97] rec[-85] rec[-84] rec[-72] rec[-211]
DETECTOR(12, 15, 1) rec[-96] rec[-84] rec[-83] rec[-71] rec[-210]
DETECTOR(12, 17, 1) rec[-95] rec[-83] rec[-82] rec[-70] rec[-209]
DETECTOR(12, 19, 1) rec[-94] rec[-82] rec[-81] rec[-69] rec[-208]
DETECTOR(12, 21, 1) rec[-93] rec[-81] rec[-80] rec[-68] rec[-207]
DETECTOR(12, 23, 1) rec[-92] rec[-80] rec[-79] rec[-67] rec[-206]
DETECTOR(14, 3, 1) rec[-77] rec[-66] rec[-65] rec[-55] rec[-205]
DETECTOR(14, 5, 1) rec[-76] rec[-65] rec[-64] rec[-54] rec[-204]
DETECTOR(14, 7, 1) rec[-75] rec[-64] rec[-63] rec[-53] rec[-203]
DETECTOR(14, 9, 1) rec[-74] rec[-63] rec[-62] rec[-52] rec[-202]
DETECTOR(14, 11, 1) rec[-73] rec[-62] rec[-61] rec[-51] rec[-201]
DETECTOR(14, 13, 1) rec[-72] rec[-61] rec[-60] rec[-50] rec[-200]
DETECTOR(14, 15, 1) rec[-71] rec[-60] rec[-59] rec[-49] rec[-199]
DETECTOR(14, 17, 1) rec[-70] rec[-59] rec[-58] rec[-48] rec[-198]
DETECTOR(14, 19, 1) rec[-69] rec[-58] rec[-57] rec[-47] rec[-197]
DETECTOR(14, 21, 1) rec[-68] rec[-57] rec[-56] rec[-46] rec[-196]
DETECTOR(14, 23, 1) rec[-67] rec[-56] rec[-195]
DETECTOR(16, 5, 1) rec[-54] rec[-45] rec[-44] rec[-36] rec[-194]
DETECTOR(16, 7, 1) rec[-53] rec[-44] rec[-43] rec[-35] rec[-193]
DETECTOR(16, 9, 1) rec[-52] rec[-43] rec[-42] rec[-34] rec[-192]
DETECTOR(16, 11, 1) rec[-51] rec[-42] rec[-41] rec[-33] rec[-191]
DETECTOR(16, 13, 1) rec[-50] rec[-41] rec[-40] rec[-32] rec[-190]
DETECTOR(16, 15, 1) rec[-49] rec[-40] rec[-39] rec[-31] rec[-189]
DETECTOR(16, 17, 1) rec[-48] rec[-39] rec[-38] rec[-30] rec[-188]
DETECTOR(16, 19, 1) rec[-47] rec[-38] rec[-37] rec[-29] rec[-187]
DETECTOR(16, 21, 1) rec[-46] rec[-37] rec[-186]
DETECTOR(18, 7, 1) rec[-35] rec[-28] rec[-27] rec[-21] rec[-185]
DETECTOR(18, 9, 1) rec[-34] rec[-27] rec[-26] rec[-20] rec[-184]
DETECTOR(18, 11, 1) rec[-33] rec[-26] rec[-25] rec[-19] rec[-183]
DETECTOR(18, 13, 1) rec[-32] rec[-25] rec[-24] rec[-18] rec[-182]
DETECTOR(18, 15, 1) rec[-31] rec[-24] rec[-23] rec[-17] rec[-181]
DETECTOR(18, 17, 1) rec[-30] rec[-23] rec[-22] rec[-16] rec[-180]
DETECTOR(18, 19, 1) rec[-29] rec[-22] rec[-179]
DETECTOR(20, 9, 1) rec[-20] rec[-15] rec[-14] rec[-10] rec[-178]
DETECTOR(20, 11, 1) rec[-19] rec[-14] rec[-13] rec[-9] rec[-177]
DETECTOR(20, 13, 1) rec[-18] rec[-13] rec[-12] rec[-8] rec[-176]
DETECTOR(20, 15, 1) rec[-17] rec[-12] rec[-11] rec[-7] rec[-175]
DETECTOR(20, 17, 1) rec[-16] rec[-11] rec[-174]
DETECTOR(22, 11, 1) rec[-9] rec[-6] rec[-5] rec[-3] rec[-173]
DETECTOR(22, 13, 1) rec[-8] rec[-5] rec[-4] rec[-2] rec[-172]
DETECTOR(22, 15, 1) rec[-7] rec[-4] rec[-171]
DETECTOR(24, 13, 1) rec[-2] rec[-1] rec[-170]
OBSERVABLE_INCLUDE(0) rec[-91] rec[-78] rec[-66] rec[-55] rec[-45] rec[-36] rec[-28] rec[-21] rec[-15] rec[-10] rec[-6] rec[-3] rec[-1]
DEPOLARIZE1(0.001) 253 254 255 256 257 258 259 260 261 262 263 264 265 266 267 268 269 270 271 272 273 274 275 276 277 278 279 280 281 282 283 284 285 286 287 288 289 290 291 292 293 294 295 296 297 298 299 300 301 302 303 304 305 306 307 308 309 310 311 312 313 314 315 316 317 318 319 320 321 322 323 324 325 326 327 328 329 330 331 332 333 334 335 336