QUBIT_COORDS(0, 0) 0
QUBIT_COORDS(0, 2) 1
QUBIT_COORDS(0, 4) 2
QUBIT_COORDS(0, 6) 3
QUBIT_COORDS(0, 8) 4
QUBIT_COORDS(0, 10) 5
QUBIT_COORDS(0, 12) 6
QUBIT_COORDS(0, 14) 7
QUBIT_COORDS(0, 16) 8
QUBIT_COORDS(1, 1) 9
QUBIT_COORDS(1, 3) 10
QUBIT_COORDS(1, 5) 11
QUBIT_COORDS(1, 7) 12
QUBIT_COORDS(1, 9) 13
QUBIT_COORDS(1, 11) 14
QUBIT_COORDS(1, 13) 15
QUBIT_COORDS(1, 15) 16
QUBIT_COORDS(2, 0) 17
QUBIT_COORDS(2, 2) 18
QUBIT_COORDS(2, 4) 19
QUBIT_COORDS(2, 6) 20
QUBIT_COORDS(2, 8) 21
QUBIT_COORDS(2, 10) 22
QUBIT_COORDS(2, 12) 23
QUBIT_COORDS(2, 14) 24
QUBIT_COORDS(2, 16) 25
QUBIT_COORDS(3, 1) 26
QUBIT_COORDS(3, 3) 27
QUBIT_COORDS(3, 5) 28
QUBIT_COORDS(3, 7) 29
QUBIT_COORDS(3, 9) 30
QUBIT_COORDS(3, 11) 31
QUBIT_COORDS(3, 13) 32
QUBIT_COORDS(3, 15) 33
QUBIT_COORDS(4, 0) 34
QUBIT_COORDS(4, 2) 35
QUBIT_COORDS(4, 4) 36
QUBIT_COORDS(4, 6) 37
QUBIT_COORDS(4, 8) 38
QUBIT_COORDS(4, 10) 39
QUBIT_COORDS(4, 12) 40
QUBIT_COORDS(4, 14) 41
QUBIT_COORDS(4, 16) 42
QUBIT_COORDS(5, 1) 43
QUBIT_COORDS(5, 3) 44
QUBIT_COORDS(5, 5) 45
QUBIT_COORDS(5, 7) 46
QUBIT_COORDS(5, 9) 47
QUBIT_COORDS(5, 11) 48
QUBIT_COORDS(5, 13) 49
QUBIT_COORDS(5, 15) 50
QUBIT_COORDS(6, 0) 51
QUBIT_COORDS(6, 2) 52
QUBIT_COORDS(6, 4) 53
QUBIT_COORDS(6, 6) 54
QUBIT_COORDS(6, 8) 55
QUBIT_COORDS(6, 10) 56
QUBIT_COORDS(6, 12) 57
QUBIT_COORDS(6, 14) 58
QUBIT_COORDS(6, 16) 59
QUBIT_COORDS(7, 1) 60
QUBIT_COORDS(7, 3) 61
QUBIT_COORDS(7, 5) 62
QUBIT_COORDS(7, 7) 63
QUBIT_COORDS(7, 9) 64
QUBIT_COORDS(7, 11) 65
QUBIT_COORDS(7, 13) 66
QUBIT_COORDS(7, 15) 67
QUBIT_COORDS(8, 0) 68
QUBIT_COORDS(8, 2) 69
QUBIT_COORDS(8, 4) 70
QUBIT_COORDS(8, 6) 71
QUBIT_COORDS(8, 8) 72
QUBIT_COORDS(8, 10) 73
QUBIT_COORDS(8, 12) 74
QUBIT_COORDS(8, 14) 75
QUBIT_COORDS(8, 16) 76
QUBIT_COORDS(9, 1) 77
QUBIT_COORDS(9, 3) 78
QUBIT_COORDS(9, 5) 79
QUBIT_COORDS(9, 7) 80
QUBIT_COORDS(9, 9) 81
QUBIT_COORDS(9, 11) 82
QUBIT_COORDS(9, 13) 83
QUBIT_COORDS(9, 15) 84
QUBIT_COORDS(10, 0) 85
QUBIT_COORDS(10, 2) 86
QUBIT_COORDS(10, 4) 87
QUBIT_COORDS(10, 6) 88
QUBIT_COORDS(10, 8) 89
QUBIT_COORDS(10, 10) 90
QUBIT_COORDS(10, 12) 91
QUBIT_COORDS(10, 14) 92
QUBIT_COORDS(10, 16) 93
QUBIT_COORDS(11, 1) 94
QUBIT_COORDS(11, 3) 95
QUBIT_COORDS(11, 5) 96
QUBIT_COORDS(11, 7) 97
QUBIT_COORDS(11, 9) 98
QUBIT_COORDS(11, 11) 99
QUBIT_COORDS(11, 13) 100
QUBIT_COORDS(11, 15) 101
QUBIT_COORDS(12, 0) 102
QUBIT_COORDS(12, 2) 103
QUBIT_COORDS(12, 4) 104
QUBIT_COORDS(12, 6) 105
QUBIT_COORDS(12, 8) 106
QUBIT_COORDS(12, 10) 107
QUBIT_COORDS(12, 12) 108
QUBIT_COORDS(12, 14) 109
QUBIT_COORDS(12, 16) 110
QUBIT_COORDS(13, 1) 111
QUBIT_COORDS(13, 3) 112
QUBIT_COORDS(13, 5) 113
QUBIT_COORDS(13, 7) 114
QUBIT_COORDS(13, 9) 115
QUBIT_COORDS(13, 11) 116
QUBIT_COORDS(13, 13) 117
QUBIT_COORDS(13, 15) 118
QUBIT_COORDS(14, 0) 119
QUBIT_COORDS(14, 2) 120
QUBIT_COORDS(14, 4) 121
QUBIT_COORDS(14, 6) 122
QUBIT_COORDS(14, 8) 123
QUBIT_COORDS(14, 10) 124
QUBIT_COORDS(14, 12) 125
QUBIT_COORDS(14, 14) 126
QUBIT_COORDS(14, 16) 127
QUBIT_COORDS(15, 1) 128
QUBIT_COORDS(15, 3) 129
QUBIT_COORDS(15, 5) 130
QUBIT_COORDS(15, 7) 131
QUBIT_COORDS(15, 9) 132
QUBIT_COORDS(15, 11) 133
QUBIT_COORDS(15, 13) 134
QUBIT_COORDS(15, 15) 135
QUBIT_COORDS(16, 0) 136
QUBIT_COORDS(16, 2) 137
QUBIT_COORDS(16, 4) 138
QUBIT_COORDS(16, 6) 139
QUBIT_COORDS(16, 8) 140
QUBIT_COORDS(16, 10) 141
QUBIT_COORDS(16, 12) 142
QUBIT_COORDS(16, 14) 143
QUBIT_COORDS(16, 16) 144
QUBIT_COORDS(0, 1) 145
QUBIT_COORDS(0, 3) 146
QUBIT_COORDS(0, 5) 147
QUBIT_COORDS(0, 7) 148
QUBIT_COORDS(0, 9) 149
QUBIT_COORDS(0, 11) 150
QUBIT_COORDS(0, 13) 151
QUBIT_COORDS(0, 15) 152
QUBIT_COORDS(2, 1) 153
QUBIT_COORDS(2, 3) 154
QUBIT_COORDS(2, 5) 155
QUBIT_COORDS(2, 7) 156
QUBIT_COORDS(2, 9) 157
QUBIT_COORDS(2, 11) 158
QUBIT_COORDS(2, 13) 159
QUBIT_COORDS(2, 15) 160
QUBIT_COORDS(4, 1) 161
QUBIT_COORDS(4, 3) 162
QUBIT_COORDS(4, 5) 163
QUBIT_COORDS(4, 7) 164
QUBIT_COORDS(4, 9) 165
QUBIT_COORDS(4, 11) 166
QUBIT_COORDS(4, 13) 167
QUBIT_COORDS(4, 15) 168
QUBIT_COORDS(6, 1) 169
QUBIT_COORDS(6, 3) 170
QUBIT_COORDS(6, 5) 171
QUBIT_COORDS(6, 7) 172
QUBIT_COORDS(6, 9) 173
QUBIT_COORDS(6, 11) 174
QUBIT_COORDS(6, 13) 175
QUBIT_COORDS(6, 15) 176
QUBIT_COORDS(8, 1) 177
QUBIT_COORDS(8, 3) 178
QUBIT_COORDS(8, 5) 179
QUBIT_COORDS(8, 7) 180
QUBIT_COORDS(8, 9) 181
QUBIT_COORDS(8, 11) 182
QUBIT_COORDS(8, 13) 183
QUBIT_COORDS(8, 15) 184
QUBIT_COORDS(10, 1) 185
QUBIT_COORDS(10, 3) 186
QUBIT_COORDS(10, 5) 187
QUBIT_COORDS(10, 7) 188
QUBIT_COORDS(10, 9) 189
QUBIT_COORDS(10, 11) 190
QUBIT_COORDS(10, 13) 191
QUBIT_COORDS(10, 15) 192
QUBIT_COORDS(12, 1) 193
QUBIT_COORDS(12, 3) 194
QUBIT_COORDS(12, 5) 195
QUBIT_COORDS(12, 7) 196
QUBIT_COORDS(12, 9) 197
QUBIT_COORDS(12, 11) 198
QUBIT_COORDS(12, 13) 199
QUBIT_COORDS(12, 15) 200
QUBIT_COORDS(14, 1) 201
QUBIT_COORDS(14, 3) 202
QUBIT_COORDS(14, 5) 203
QUBIT_COORDS(14, 7) 204
QUBIT_COORDS(14, 9) 205
QUBIT_COORDS(14, 11) 206
QUBIT_COORDS(14, 13) 207
QUBIT_COORDS(14, 15) 208
QUBIT_COORDS(16, 1) 209
QUBIT_COORDS(16, 3) 210
QUBIT_COORDS(16, 5) 211
QUBIT_COORDS(16, 7) 212
QUBIT_COORDS(16, 9) 213
QUBIT_COORDS(16, 11) 214
QUBIT_COORDS(16, 13) 215
QUBIT_COORDS(16, 15) 216
QUBIT_COORDS(1, 0) 217
QUBIT_COORDS(1, 2) 218
QUBIT_COORDS(1, 4) 219
QUBIT_COORDS(1, 6) 220
QUBIT_COORDS(1, 8) 221
QUBIT_COORDS(1, 10) 222
QUBIT_COORDS(1, 12) 223
QUBIT_COORDS(1, 14) 224
QUBIT_COORDS(1, 16) 225
QUBIT_COORDS(3, 0) 226
QUBIT_COORDS(3, 2) 227
QUBIT_COORDS(3, 4) 228
QUBIT_COORDS(3, 6) 229
QUBIT_COORDS(3, 8) 230
QUBIT_COORDS(3, 10) 231
QUBIT_COORDS(3, 12) 232
QUBIT_COORDS(3, 14) 233
QUBIT_COORDS(3, 16) 234
QUBIT_COORDS(5, 0) 235
QUBIT_COORDS(5, 2) 236
QUBIT_COORDS(5, 4) 237
QUBIT_COORDS(5, 6) 238
QUBIT_COORDS(5, 8) 239
QUBIT_COORDS(5, 10) 240
QUBIT_COORDS(5, 12) 241
QUBIT_COORDS(5, 14) 242
QUBIT_COORDS(5, 16) 243
QUBIT_COORDS(7, 0) 244
QUBIT_COORDS(7, 2) 245
QUBIT_COORDS(7, 4) 246
QUBIT_COORDS(7, 6) 247
QUBIT_COORDS(7, 8) 248
QUBIT_COORDS(7, 10) 249
QUBIT_COORDS(7, 12) 250
QUBIT_COORDS(7, 14) 251
QUBIT_COORDS(7, 16) 252
QUBIT_COORDS(9, 0) 253
QUBIT_COORDS(9, 2) 254
QUBIT_COORDS(9, 4) 255
QUBIT_COORDS(9, 6) 256
QUBIT_COORDS(9, 8) 257
QUBIT_COORDS(9, 10) 258
QUBIT_COORDS(9, 12) 259
QUBIT_COORDS(9, 14) 260
QUBIT_COORDS(9, 16) 261
QUBIT_COORDS(11, 0) 262
QUBIT_COORDS(11, 2) 263
QUBIT_COORDS(11, 4) 264
QUBIT_COORDS(11, 6) 265
QUBIT_COORDS(11, 8) 266
QUBIT_COORDS(11, 10) 267
QUBIT_COORDS(11, 12) 268
QUBIT_COORDS(11, 14) 269
QUBIT_COORDS(11, 16) 270
QUBIT_COORDS(13, 0) 271
QUBIT_COORDS(13, 2) 272
QUBIT_COORDS(13, 4) 273
QUBIT_COORDS(13, 6) 274
QUBIT_COORDS(13, 8) 275
QUBIT_COORDS(13, 10) 276
QUBIT_COORDS(13, 12) 277
QUBIT_COORDS(13, 14) 278
QUBIT_COORDS(13, 16) 279
QUBIT_COORDS(15, 0) 280
QUBIT_COORDS(15, 2) 281
QUBIT_COORDS(15, 4) 282
QUBIT_COORDS(15, 6) 283
QUBIT_COORDS(15, 8) 284
QUBIT_COORDS(15, 10) 285
QUBIT_COORDS(15, 12) 286
QUBIT_COORDS(15, 14) 287
QUBIT_COORDS(15, 16) 288
R 0 1 2 3 4 5 6 7 8 9 10 11 12 13 14 15 16 17 18 19 20 21 22 23 24 25 26 27 28 29 30 31 32 33 34 35 36 37 38 39 40 41 42 43 44 45 46 47 48 49 50 51 52 53 54 55 56 57 58 59 60 61 62 63 64 65 66 67 68 69 70 71 72 73 74 75 76 77 78 79 80 81 82 83 84 85 86 87 88 89 90 91 92 93 94 95 96 97 98 99 100 101 102 103 104 105 106 107 108 109 110 111 112 113 114 115 116 117 118 119 120 121 122 123 124 125 126 127 128 129 130 131 132 133 134 135 136 137 138 139 140 141 142 143 144 217 218 219 220 221 222 223 224 225 226 227 228 229 230 231 232 233 234 235 236 237 238 239 240 241 242 243 244 245 246 247 248 249 250 251 252 253 254 255 256 257 258 259 260 261 262 263 264 265 266 267 268 269 270 271 272 273 274 275 276 277 278 279 280 281 282 283 284 285 286 287 288
X_ERROR(0.02) 0 1 2 3 4 5 6 7 8 9 10 11 12 13 14 15 16 17 18 19 20 21 22 23 24 25 26 27 28 29 30 31 32 33 34 35 36 37 38 39 40 41 42 43 44 45 46 47 48 49 50 51 52 53 54 55 56 57 58 59 60 61 62 63 64 65 66 67 68 69 70 71 72 73 74 75 76 77 78 79 80 81 82 83 84 85 86 87 88 89 90 91 92 93 94 95 96 97 98 99 100 101 102 103 104 105 106 107 108 109 110 111 112 113 114 115 116 117 118 119 120 121 122 123 124 125 126 127 128 129 130 131 132 133 134 135 136 137 138 139 140 141 142 143 144 217 218 219 220 221 222 223 224 225 226 227 228 229 230 231 232 233 234 235 236 237 238 239 240 241 242 243 244 245 246 247 248 249 250 251 252 253 254 255 256 257 258 259 260 261 262 263 264 265 266 267 268 269 270 271 272 273 274 275 276 277 278 279 280 281 282 283 284 285 286 287 288
DEPOLARIZE1(0.001) 145 146 147 148 149 150 151 152 153 154 155 156 157 158 159 160 161 162 163 164 165 166 167 168 169 170 171 172 173 174 175 176 177 178 179 180 181 182 183 184 185 186 187 188 189 190 191 192 193 194 195 196 197 198 199 200 201 202 203 204 205 206 207 208 209 210 211 212 213 214 215 216
TICK
H 217 218 219 220 221 222 223 224 225 226 227 228 229 230 231 232 233 234 235 236 237 238 239 240 241 242 243 244 245 246 247 248 249 250 251 252 253 254 255 256 257 258 259 260 261 262 263 264 265 266 267 268 269 270 271 272 273 274 275 276 277 278 279 280 281 282 283 284 285 286 287 288
DEPOLARIZE1(0.001) 217 218 219 220 221 222 223 224 225 226 227 228 229 230 231 232 233 234 235 236 237 238 239 240 241 242 243 244 245 246 247 248 249 250 251 252 253 254 255 256 257 258 259 260 261 262 263 264 265 266 267 268 269 270 271 272 273 274 275 276 277 278 279 280 281 282 283 284 285 286 287 288 0 1 2 3 4 5 6 7 8 9 10 11 12 13 14 15 16 17 18 19 20 21 22 23 24 25 26 27 28 29 30 31 32 33 34 35 36 37 38 39 40 41 42 43 44 45 46 47 48 49 50 51 52 53 54 55 56 57 58 59 60 61 62 63 64 65 66 67 68 69 70 71 72 73 74 75 76 77 78 79 80 81 82 83 84 85 86 87 88 89 90 91 92 93 94 95 96 97 98 99 100 101 102 103 104 105 106 107 108 109 110 111 112 113 114 115 116 117 118 119 120 121 122 123 124 125 126 127 128 129 130 131 132 133 134 135 136 137 138 139 140 141 142 143 144 145 146 147 148 149 150 151 152 153 154 155 156 157 158 159 160 161 162 163 164 165 166 167 168 169 170 171 172 173 174 175 176 177 178 179 180 181 182 183 184 185 186 187 188 189 190 191 192 193 194 195 196 197 198 199 200 201 202 203 204 205 206 207 208 209 210 211 212 213 214 215 216
TICK
CZ 217 17 218 18 219 19 220 20 221 21 222 22 223 23 224 24 225 25 226 34 227 35 228 36 229 37 230 38 231 39 232 40 233 41 234 42 235 51 236 52 237 53 238 54 239 55 240 56 241 57 242 58 243 59 244 68 245 69 246 70 247 71 248 72 249 73 250 74 251 75 252 76 253 85 254 86 255 87 256 88 257 89 258 90 259 91 260 92 261 93 262 102 263 103 264 104 265 105 266 106 267 107 268 108 269 109 270 110 271 119 272 120 273 121 274 122 275 123 276 124 277 125 278 126 279 127 280 136 281 137 282 138 283 139 284 140 285 141 286 142 287 143 288 144
DEPOLARIZE2(0.01) 217 17 218 18 219 19 220 20 221 21 222 22 223 23 224 24 225 25 226 34 227 35 228 36 229 37 230 38 231 39 232 40 233 41 234 42 235 51 236 52 237 53 238 54 239 55 240 56 241 57 242 58 243 59 244 68 245 69 246 70 247 71 248 72 249 73 250 74 251 75 252 76 253 85 254 86 255 87 256 88 257 89 258 90 259 91 260 92 261 93 262 102 263 103 264 104 265 105 266 106 267 107 268 108 269 109 270 110 271 119 272 120 273 121 274 122 275 123 276 124 277 125 278 126 279 127 280 136 281 137 282 138 283 139 284 140 285 141 286 142 287 143 288 144
DEPOLARIZE1(0.001) 0 1 2 3 4 5 6 7 8 9 10 11 12 13 14 15 16 26 27 28 29 30 31 32 33 43 44 45 46 47 48 49 50 60 61 62 63 64 65 66 67 77 78 79 80 81 82 83 84 94 95 96 97 98 99 100 101 111 112 113 114 115 116 117 118 128 129 130 131 132 133 134 135 145 146 147 148 149 150 151 152 153 154 155 156 157 158 159 160 161 162 163 164 165 166 167 168 169 170 171 172 173 174 175 176 177 178 179 180 181 182 183 184 185 186 187 188 189 190 191 192 193 194 195 196 197 198 199 200 201 202 203 204 205 206 207 208 209 210 211 212 213 214 215 216
TICK
CZ 218 9 219 10 220 11 221 12 222 13 223 14 224 15 225 16 227 26 228 27 229 28 230 29 231 30 232 31 233 32 234 33 236 43 237 44 238 45 239 46 240 47 241 48 242 49 243 50 245 60 246 61 247 62 248 63 249 64 250 65 251 66 252 67 254 77 255 78 256 79 257 80 258 81 259 82 260 83 261 84 263 94 264 95 265 96 266 97 267 98 268 99 269 100 270 101 272 111 273 112 274 113 275 114 276 115 277 116 278 117 279 118 281 128 282 129 283 130 284 131 285 132 286 133 287 134 288 135
DEPOLARIZE2(0.01) 218 9 219 10 220 11 221 12 222 13 223 14 224 15 225 16 227 26 228 27 229 28 230 29 231 30 232 31 233 32 234 33 236 43 237 44 238 45 239 46 240 47 241 48 242 49 243 50 245 60 246 61 247 62 248 63 249 64 250 65 251 66 252 67 254 77 255 78 256 79 257 80 258 81 259 82 260 83 261 84 263 94 264 95 265 96 266 97 267 98 268 99 269 100 270 101 272 111 273 112 274 113 275 114 276 115 277 116 278 117 279 118 281 128 282 129 283 130 284 131 285 132 286 133 287 134 288 135
DEPOLARIZE1(0.001) 0 1 2 3 4 5 6 7 8 17 18 19 20 21 22 23 24 25 34 35 36 37 38 39 40 41 42 51 52 53 54 55 56 57 58 59 68 69 70 71 72 73 74 75 76 85 86 87 88 89 90 91 92 93 102 103 104 105 106 107 108 109 110 119 120 121 122 123 124 125 126 127 136 137 138 139 140 141 142 143 144 145 146 147 148 149 150 151 152 153 154 155 156 157 158 159 160 161 162 163 164 165 166 167 168 169 170 171 172 173 174 175 176 177 178 179 180 181 182 183 184 185 186 187 188 189 190 191 192 193 194 195 196 197 198 199 200 201 202 203 204 205 206 207 208 209 210 211 212 213 214 215 216 217 226 235 244 253 262 271 280
TICK
CZ 217 9 218 10 219 11 220 12 221 13 222 14 223 15 224 16 226 26 227 27 228 28 229 29 230 30 231 31 232 32 233 33 235 43 236 44 237 45 238 46 239 47 240 48 241 49 242 50 244 60 245 61 246 62 247 63 248 64 249 65 250 66 251 67 253 77 254 78 255 79 256 80 257 81 258 82 259 83 260 84 262 94 263 95 264 96 265 97 266 98 267 99 268 100 269 101 271 111 272 112 273 113 274 114 275 115 276 116 277 117 278 118 280 128 281 129 282 130 283 131 284 132 285 133 286 134 287 135
DEPOLARIZE2(0.01) 217 9 218 10 219 11 220 12 221 13 222 14 223 15 224 16 226 26 227 27 228 28 229 29 230 30 231 31 232 32 233 33 235 43 236 44 237 45 238 46 239 47 240 48 241 49 242 50 244 60 245 61 246 62 247 63 248 64 249 65 250 66 251 67 253 77 254 78 255 79 256 80 257 81 258 82 259 83 260 84 262 94 263 95 264 96 265 97 266 98 267 99 268 100 269 101 271 111 272 112 273 113 274 114 275 115 276 116 277 117 278 118 280 128 281 129 282 130 283 131 284 132 285 133 286 134 287 135
DEPOLARIZE1(0.001) 0 1 2 3 4 5 6 7 8 17 18 19 20 21 22 23 24 25 34 35 36 37 38 39 40 41 42 51 52 53 54 55 56 57 58 59 68 69 70 71 72 73 74 75 76 85 86 87 88 89 90 91 92 93 102 103 104 105 106 107 108 109 110 119 120 121 122 123 124 125 126 127 136 137 138 139 140 141 142 143 144 145 146 147 148 149 150 151 152 153 154 155 156 157 158 159 160 161 162 163 164 165 166 167 168 169 170 171 172 173 174 175 176 177 178 179 180 181 182 183 184 185 186 187 188 189 190 191 192 193 194 195 196 197 198 199 200 201 202 203 204 205 206 207 208 209 210 211 212 213 214 215 216 225 234 243 252 261 270 279 288
TICK
CZ 217 0 218 1 219 2 220 3 221 4 222 5 223 6 224 7 225 8 226 17 227 18 228 19 229 20 230 21 231 22 232 23 233 24 234 25 235 34 236 35 237 36 238 37 239 38 240 39 241 40 242 41 243 42 244 51 245 52 246 53 247 54 248 55 249 56 250 57 251 58 252 59 253 68 254 69 255 70 256 71 257 72 258 73 259 74 260 75 261 76 262 85 263 86 264 87 265 88 266 89 267 90 268 91 269 92 270 93 271 102 272 103 273 104 274 105 275 106 276 107 277 108 278 109 279 110 280 119 281 120 282 121 283 122 284 123 285 124 286 125 287 126 288 127
R 145 146 147 148 149 150 151 152 153 154 155 156 157 158 159 160 161 162 163 164 165 166 167 168 169 170 171 172 173 174 175 176 177 178 179 180 181 182 183 184 185 186 187 188 189 190 191 192 193 194 195 196 197 198 199 200 201 202 203 204 205 206 207 208 209 210 211 212 213 214 215 216
DEPOLARIZE2(0.01) 217 0 218 1 219 2 220 3 221 4 222 5 223 6 224 7 225 8 226 17 227 18 228 19 229 20 230 21 231 22 232 23 233 24 234 25 235 34 236 35 237 36 238 37 239 38 240 39 241 40 242 41 243 42 244 51 245 52 246 53 247 54 248 55 249 56 250 57 251 58 252 59 253 68 254 69 255 70 256 71 257 72 258 73 259 74 260 75 261 76 262 85 263 86 264 87 265 88 266 89 267 90 268 91 269 92 270 93 271 102 272 103 273 104 274 105 275 106 276 107 277 108 278 109 279 110 280 119 281 120 282 121 283 122 284 123 285 124 286 125 287 126 288 127
X_ERROR(0.02) 145 146 147 148 149 150 151 152 153 154 155 156 157 158 159 160 161 162 163 164 165 166 167 168 169 170 171 172 173 174 175 176 177 178 179 180 181 182 183 184 185 186 187 188 189 190 191 192 193 194 195 196 197 198 199 200 201 202 203 204 205 206 207 208 209 210 211 212 213 214 215 216
DEPOLARIZE1(0.001) 9 10 11 12 13 14 15 16 26 27 28 29 30 31 32 33 43 44 45 46 47 48 49 50 60 61 62 63 64 65 66 67 77 78 79 80 81 82 83 84 94 95 96 97 98 99 100 101 111 112 113 114 115 116 117 118 128 129 130 131 132 133 134 135 136 137 138 139 140 141 142 143 144
TICK
H 0 1 2 3 4 5 6 7 8 9 10 11 12 13 14 15 16 17 18 19 20 21 22 23 24 25 26 27 28 29 30 31 32 33 34 35 36 37 38 39 40 41 42 43 44 45 46 47 48 49 50 51 52 53 54 55 56 57 58 59 60 61 62 63 64 65 66 67 68 69 70 71 72 73 74 75 76 77 78 79 80 81 82 83 84 85 86 87 88 89 90 91 92 93 94 95 96 97 98 99 100 101 102 103 104 105 106 107 108 109 110 111 112 113 114 115 116 117 118 119 120 121 122 123 124 125 126 127 128 129 130 131 132 133 134 135 136 137 138 139 140 141 142 143 144 145 146 147 148 149 150 151 152 153 154 155 156 157 158 159 160 161 162 163 164 165 166 167 168 169 170 171 172 173 174 175 176 177 178 179 180 181 182 183 184 185 186 187 188 189 190 191 192 193 194 195 196 197 198 199 200 201 202 203 204 205 206 207 208 209 210 211 212 213 214 215 216 217 218 219 220 221 222 223 224 225 226 227 228 229 230 231 232 233 234 235 236 237 238 239 240 241 242 243 244 245 246 247 248 249 250 251 252 253 254 255 256 257 258 259 260 261 262 263 264 265 266 267 268 269 270 271 272 273 274 275 276 277 278 279 280 281 282 283 284 285 286 287 288
DEPOLARIZE1(0.001) 0 1 2 3 4 5 6 7 8 9 10 11 12 13 14 15 16 17 18 19 20 21 22 23 24 25 26 27 28 29 30 31 32 33 34 35 36 37 38 39 40 41 42 43 44 45 46 47 48 49 50 51 52 53 54 55 56 57 58 59 60 61 62 63 64 65 66 67 68 69 70 71 72 73 74 75 76 77 78 79 80 81 82 83 84 85 86 87 88 89 90 91 92 93 94 95 96 97 98 99 100 101 102 103 104 105 106 107 108 109 110 111 112 113 114 115 116 117 118 119 120 121 122 123 124 125 126 127 128 129 130 131 132 133 134 135 136 137 138 139 140 141 142 143 144 145 146 147 148 149 150 151 152 153 154 155 156 157 158 159 160 161 162 163 164 165 166 167 168 169 170 171 172 173 174 175 176 177 178 179 180 181 182 183 184 185 186 187 188 189 190 191 192 193 194 195 196 197 198 199 200 201 202 203 204 205 206 207 208 209 210 211 212 213 214 215 216 217 218 219 220 221 222 223 224 225 226 227 228 229 230 231 232 233 234 235 236 237 238 239 240 241 242 243 244 245 246 247 248 249 250 251 252 253 254 255 256 257 258 259 260 261 262 263 264 265 266 267 268 269 270 271 272 273 274 275 276 277 278 279 280 281 282 283 284 285 286 287 288
TICK
X_ERROR(0.05) 217 218 219 220 221 222 223 224 225 226 227 228 229 230 231 232 233 234 235 236 237 238 239 240 241 242 243 244 245 246 247 248 249 250 251 252 253 254 255 256 257 258 259 260 261 262 263 264 265 266 267 268 269 270 271 272 273 274 275 276 277 278 279 280 281 282 283 284 285 286 287 288
M 217 218 219 220 221 222 223 224 225 226 227 228 229 230 231 232 233 234 235 236 237 238 239 240 241 242 243 244 245 246 247 248 249 250 251 252 253 254 255 256 257 258 259 260 261 262 263 264 265 266 267 268 269 270 271 272 273 274 275 276 277 278 279 280 281 282 283 284 285 286 287 288
DETECTOR(1, 0, 0) rec[-72]
DETECTOR(1, 2, 0) rec[-71]
DETECTOR(1, 4, 0) rec[-70]
DETECTOR(1, 6, 0) rec[-69]
DETECTOR(1, 8, 0) rec[-68]
DETECTOR(1, 10, 0) rec[-67]
DETECTOR(1, 12, 0) rec[-66]
DETECTOR(1, 14, 0) rec[-65]
DETECTOR(1, 16, 0) rec[-64]
DETECTOR(3, 0, 0) rec[-63]
DETECTOR(3, 2, 0) rec[-62]
DETECTOR(3, 4, 0) rec[-61]
DETECTOR(3, 6, 0) rec[-60]
DETECTOR(3, 8, 0) rec[-59]
DETECTOR(3, 10, 0) rec[-58]
DETECTOR(3, 12, 0) rec[-57]
DETECTOR(3, 14, 0) rec[-56]
DETECTOR(3, 16, 0) rec[-55]
DETECTOR(5, 0, 0) rec[-54]
DETECTOR(5, 2, 0) rec[-53]
DETECTOR(5, 4, 0) rec[-52]
DETECTOR(5, 6, 0) rec[-51]
DETECTOR(5, 8, 0) rec[-50]
DETECTOR(5, 10, 0) rec[-49]
DETECTOR(5, 12, 0) rec[-48]
DETECTOR(5, 14, 0) rec[-47]
DETECTOR(5, 16, 0) rec[-46]
DETECTOR(7, 0, 0) rec[-45]
DETECTOR(7, 2, 0) rec[-44]
DETECTOR(7, 4, 0) rec[-43]
DETECTOR(7, 6, 0) rec[-42]
DETECTOR(7, 8, 0) rec[-41]
DETECTOR(7, 10, 0) rec[-40]
DETECTOR(7, 12, 0) rec[-39]
DETECTOR(7, 14, 0) rec[-38]
DETECTOR(7, 16, 0) rec[-37]
DETECTOR(9, 0, 0) rec[-36]
DETECTOR(9, 2, 0) rec[-35]
DETECTOR(9, 4, 0) rec[-34]
DETECTOR(9, 6, 0) rec[-33]
DETECTOR(9, 8, 0) rec[-32]
DETECTOR(9, 10, 0) rec[-31]
DETECTOR(9, 12, 0) rec[-30]
DETECTOR(9, 14, 0) rec[-29]
DETECTOR(9, 16, 0) rec[-28]
DETECTOR(11, 0, 0) rec[-27]
DETECTOR(11, 2, 0) rec[-26]
DETECTOR(11, 4, 0) rec[-25]
DETECTOR(11, 6, 0) rec[-24]
DETECTOR(11, 8, 0) rec[-23]
DETECTOR(11, 10, 0) rec[-22]
DETECTOR(11, 12, 0) rec[-21]
DETECTOR(11, 14, 0) rec[-20]
DETECTOR(11, 16, 0) rec[-19]
DETECTOR(13, 0, 0) rec[-18]
DETECTOR(13, 2, 0) rec[-17]
DETECTOR(13, 4, 0) rec[-16]
DETECTOR(13, 6, 0) rec[-15]
DETECTOR(13, 8, 0) rec[-14]
DETECTOR(13, 10, 0) rec[-13]
DETECTOR(13, 12, 0) rec[-12]
DETECTOR(13, 14, 0) rec[-11]
DETECTOR(13, 16, 0) rec[-10]
DETECTOR(15, 0, 0) rec[-9]
DETECTOR(15, 2, 0) rec[-8]
DETECTOR(15, 4, 0) rec[-7]
DETECTOR(15, 6, 0) rec[-6]
DETECTOR(15, 8, 0) rec[-5]
DETECTOR(15, 10, 0) rec[-4]
DETECTOR(15, 12, 0) rec[-3]
DETECTOR(15, 14, 0) rec[-2]
DETECTOR(15, 16, 0) rec[-1]
CZ 145 9 146 10 147 11 148 12 149 13 150 14 151 15 152 16 153 26 154 27 155 28 156 29 157 30 158 31 159 32 160 33 161 43 162 44 163 45 164 46 165 47 166 48 167 49 168 50 169 60 170 61 171 62 172 63 173 64 174 65 175 66 176 67 177 77 178 78 179 79 180 80 181 81 182 82 183 83 184 84 185 94 186 95 187 96 188 97 189 98 190 99 191 100 192 101 193 111 194 112 195 113 196 114 197 115 198 116 199 117 200 118 201 128 202 129 203 130 204 131 205 132 206 133 207 134 208 135
DEPOLARIZE2(0.01) 145 9 146 10 147 11 148 12 149 13 150 14 151 15 152 16 153 26 154 27 155 28 156 29 157 30 158 31 159 32 160 33 161 43 162 44 163 45 164 46 165 47 166 48 167 49 168 50 169 60 170 61 171 62 172 63 173 64 174 65 175 66 176 67 177 77 178 78 179 79 180 80 181 81 182 82 183 83 184 84 185 94 186 95 187 96 188 97 189 98 190 99 191 100 192 101 193 111 194 112 195 113 196 114 197 115 198 116 199 117 200 118 201 128 202 129 203 130 204 131 205 132 206 133 207 134 208 135
DEPOLARIZE1(0.001) 0 1 2 3 4 5 6 7 8 17 18 19 20 21 22 23 24 25 34 35 36 37 38 39 40 41 42 51 52 53 54 55 56 57 58 59 68 69 70 71 72 73 74 75 76 85 86 87 88 89 90 91 92 93 102 103 104 105 106 107 108 109 110 119 120 121 122 123 124 125 126 127 136 137 138 139 140 141 142 143 144 209 210 211 212 213 214 215 216
TICK
CZ 145 1 146 2 147 3 148 4 149 5 150 6 151 7 152 8 153 18 154 19 155 20 156 21 157 22 158 23 159 24 160 25 161 35 162 36 163 37 164 38 165 39 166 40 167 41 168 42 169 52 170 53 171 54 172 55 173 56 174 57 175 58 176 59 177 69 178 70 179 71 180 72 181 73 182 74 183 75 184 76 185 86 186 87 187 88 188 89 189 90 190 91 191 92 192 93 193 103 194 104 195 105 196 106 197 107 198 108 199 109 200 110 201 120 202 121 203 122 204 123 205 124 206 125 207 126 208 127 209 137 210 138 211 139 212 140 213 141 214 142 215 143 216 144
DEPOLARIZE2(0.01) 145 1 146 2 147 3 148 4 149 5 150 6 151 7 152 8 153 18 154 19 155 20 156 21 157 22 158 23 159 24 160 25 161 35 162 36 163 37 164 38 165 39 166 40 167 41 168 42 169 52 170 53 171 54 172 55 173 56 174 57 175 58 176 59 177 69 178 70 179 71 180 72 181 73 182 74 183 75 184 76 185 86 186 87 187 88 188 89 189 90 190 91 191 92 192 93 193 103 194 104 195 105 196 106 197 107 198 108 199 109 200 110 201 120 202 121 203 122 204 123 205 124 206 125 207 126 208 127 209 137 210 138 211 139 212 140 213 141 214 142 215 143 216 144
DEPOLARIZE1(0.001) 0 9 10 11 12 13 14 15 16 17 26 27 28 29 30 31 32 33 34 43 44 45 46 47 48 49 50 51 60 61 62 63 64 65 66 67 68 77 78 79 80 81 82 83 84 85 94 95 96 97 98 99 100 101 102 111 112 113 114 115 116 117 118 119 128 129 130 131 132 133 134 135 136 217 218 219 220 221 222 223 224 225 226 227 228 229 230 231 232 233 234 235 236 237 238 239 240 241 242 243 244 245 246 247 248 249 250 251 252 253 254 255 256 257 258 259 260 261 262 263 264 265 266 267 268 269 270 271 272 273 274 275 276 277 278 279 280 281 282 283 284 285 286 287 288
TICK
CZ 145 0 146 1 147 2 148 3 149 4 150 5 151 6 152 7 153 17 154 18 155 19 156 20 157 21 158 22 159 23 160 24 161 34 162 35 163 36 164 37 165 38 166 39 167 40 168 41 169 51 170 52 171 53 172 54 173 55 174 56 175 57 176 58 177 68 178 69 179 70 180 71 181 72 182 73 183 74 184 75 185 85 186 86 187 87 188 88 189 89 190 90 191 91 192 92 193 102 194 103 195 104 196 105 197 106 198 107 199 108 200 109 201 119 202 120 203 121 204 122 205 123 206 124 207 125 208 126 209 136 210 137 211 138 212 139 213 140 214 141 215 142 216 143
DEPOLARIZE2(0.01) 145 0 146 1 147 2 148 3 149 4 150 5 151 6 152 7 153 17 154 18 155 19 156 20 157 21 158 22 159 23 160 24 161 34 162 35 163 36 164 37 165 38 166 39 167 40 168 41 169 51 170 52 171 53 172 54 173 55 174 56 175 57 176 58 177 68 178 69 179 70 180 71 181 72 182 73 183 74 184 75 185 85 186 86 187 87 188 88 189 89 190 90 191 91 192 92 193 102 194 103 195 104 196 105 197 106 198 107 199 108 200 109 201 119 202 120 203 121 204 122 205 123 206 124 207 125 208 126 209 136 210 137 211 138 212 139 213 140 214 141 215 142 216 143
DEPOLARIZE1(0.001) 8 9 10 11 12 13 14 15 16 25 26 27 28 29 30 31 32 33 42 43 44 45 46 47 48 49 50 59 60 61 62 63 64 65 66 67 76 77 78 79 80 81 82 83 84 93 94 95 96 97 98 99 100 101 110 111 112 113 114 115 116 117 118 127 128 129 130 131 132 133 134 135 144 217 218 219 220 221 222 223 224 225 226 227 228 229 230 231 232 233 234 235 236 237 238 239 240 241 242 243 244 245 246 247 248 249 250 251 252 253 254 255 256 257 258 259 260 261 262 263 264 265 266 267 268 269 270 271 272 273 274 275 276 277 278 279 280 281 282 283 284 285 286 287 288
TICK
CZ 153 9 154 10 155 11 156 12 157 13 158 14 159 15 160 16 161 26 162 27 163 28 164 29 165 30 166 31 167 32 168 33 169 43 170 44 171 45 172 46 173 47 174 48 175 49 176 50 177 60 178 61 179 62 180 63 181 64 182 65 183 66 184 67 185 77 186 78 187 79 188 80 189 81 190 82 191 83 192 84 193 94 194 95 195 96 196 97 197 98 198 99 199 100 200 101 201 111 202 112 203 113 204 114 205 115 206 116 207 117 208 118 209 128 210 129 211 130 212 131 213 132 214 133 215 134 216 135
DEPOLARIZE2(0.01) 153 9 154 10 155 11 156 12 157 13 158 14 159 15 160 16 161 26 162 27 163 28 164 29 165 30 166 31 167 32 168 33 169 43 170 44 171 45 172 46 173 47 174 48 175 49 176 50 177 60 178 61 179 62 180 63 181 64 182 65 183 66 184 67 185 77 186 78 187 79 188 80 189 81 190 82 191 83 192 84 193 94 194 95 195 96 196 97 197 98 198 99 199 100 200 101 201 111 202 112 203 113 204 114 205 115 206 116 207 117 208 118 209 128 210 129 211 130 212 131 213 132 214 133 215 134 216 135
DEPOLARIZE1(0.001) 0 1 2 3 4 5 6 7 8 17 18 19 20 21 22 23 24 25 34 35 36 37 38 39 40 41 42 51 52 53 54 55 56 57 58 59 68 69 70 71 72 73 74 75 76 85 86 87 88 89 90 91 92 93 102 103 104 105 106 107 108 109 110 119 120 121 122 123 124 125 126 127 136 137 138 139 140 141 142 143 144 145 146 147 148 149 150 151 152 217 218 219 220 221 222 223 224 225 226 227 228 229 230 231 232 233 234 235 236 237 238 239 240 241 242 243 244 245 246 247 248 249 250 251 252 253 254 255 256 257 258 259 260 261 262 263 264 265 266 267 268 269 270 271 272 273 274 275 276 277 278 279 280 281 282 283 284 285 286 287 288
TICK
H 0 1 2 3 4 5 6 7 8 9 10 11 12 13 14 15 16 17 18 19 20 21 22 23 24 25 26 27 28 29 30 31 32 33 34 35 36 37 38 39 40 41 42 43 44 45 46 47 48 49 50 51 52 53 54 55 56 57 58 59 60 61 62 63 64 65 66 67 68 69 70 71 72 73 74 75 76 77 78 79 80 81 82 83 84 85 86 87 88 89 90 91 92 93 94 95 96 97 98 99 100 101 102 103 104 105 106 107 108 109 110 111 112 113 114 115 116 117 118 119 120 121 122 123 124 125 126 127 128 129 130 131 132 133 134 135 136 137 138 139 140 141 142 143 144 145 146 147 148 149 150 151 152 153 154 155 156 157 158 159 160 161 162 163 164 165 166 167 168 169 170 171 172 173 174 175 176 177 178 179 180 181 182 183 184 185 186 187 188 189 190 191 192 193 194 195 196 197 198 199 200 201 202 203 204 205 206 207 208 209 210 211 212 213 214 215 216
DEPOLARIZE1(0.001) 0 1 2 3 4 5 6 7 8 9 10 11 12 13 14 15 16 17 18 19 20 21 22 23 24 25 26 27 28 29 30 31 32 33 34 35 36 37 38 39 40 41 42 43 44 45 46 47 48 49 50 51 52 53 54 55 56 57 58 59 60 61 62 63 64 65 66 67 68 69 70 71 72 73 74 75 76 77 78 79 80 81 82 83 84 85 86 87 88 89 90 91 92 93 94 95 96 97 98 99 100 101 102 103 104 105 106 107 108 109 110 111 112 113 114 115 116 117 118 119 120 121 122 123 124 125 126 127 128 129 130 131 132 133 134 135 136 137 138 139 140 141 142 143 144 145 146 147 148 149 150 151 152 153 154 155 156 157 158 159 160 161 162 163 164 165 166 167 168 169 170 171 172 173 174 175 176 177 178 179 180 181 182 183 184 185 186 187 188 189 190 191 192 193 194 195 196 197 198 199 200 201 202 203 204 205 206 207 208 209 210 211 212 213 214 215 216 217 218 219 220 221 222 223 224 225 226 227 228 229 230 231 232 233 234 235 236 237 238 239 240 241 242 243 244 245 246 247 248 249 250 251 252 253 254 255 256 257 258 259 260 261 262 263 264 265 266 267 268 269 270 271 272 273 274 275 276 277 278 279 280 281 282 283 284 285 286 287 288
TICK
X_ERROR(0.05) 145 146 147 148 149 150 151 152 153 154 155 156 157 158 159 160 161 162 163 164 165 166 167 168 169 170 171 172 173 174 175 176 177 178 179 180 181 182 183 184 185 186 187 188 189 190 191 192 193 194 195 196 197 198 199 200 201 202 203 204 205 206 207 208 209 210 211 212 213 214 215 216 0 1 2 3 4 5 6 7 8 9 10 11 12 13 14 15 16 17 18 19 20 21 22 23 24 25 26 27 28 29 30 31 32 33 34 35 36 37 38 39 40 41 42 43 44 45 46 47 48 49 50 51 52 53 54 55 56 57 58 59 60 61 62 63 64 65 66 67 68 69 70 71 72 73 74 75 76 77 78 79 80 81 82 83 84 85 86 87 88 89 90 91 92 93 94 95 96 97 98 99 100 101 102 103 104 105 106 107 108 109 110 111 112 113 114 115 116 117 118 119 120 121 122 123 124 125 126 127 128 129 130 131 132 133 134 135 136 137 138 139 140 141 142 143 144
M 145 146 147 148 149 150 151 152 153 154 155 156 157 158 159 160 161 162 163 164 165 166 167 168 169 170 171 172 173 174 175 176 177 178 179 180 181 182 183 184 185 186 187 188 189 190 191 192 193 194 195 196 197 198 199 200 201 202 203 204 205 206 207 208 209 210 211 212 213 214 215 216 0 1 2 3 4 5 6 7 8 9 10 11 12 13 14 15 16 17 18 19 20 21 22 23 24 25 26 27 28 29 30 31 32 33 34 35 36 37 38 39 40 41 42 43 44 45 46 47 48 49 50 51 52 53 54 55 56 57 58 59 60 61 62 63 64 65 66 67 68 69 70 71 72 73 74 75 76 77 78 79 80 81 82 83 84 85 86 87 88 89 90 91 92 93 94 95 96 97 98 99 100 101 102 103 104 105 106 107 108 109 110 111 112 113 114 115 116 117 118 119 120 121 122 123 124 125 126 127 128 129 130 131 132 133 134 135 136 137 138 139 140 141 142 143 144
DETECTOR(1, 0, 1) rec[-145] rec[-136] rec[-128] rec[-289]
DETECTOR(1, 2, 1) rec[-144] rec[-136] rec[-135] rec[-127] rec[-288]
DETECTOR(1, 4, 1) rec[-143] rec[-135] rec[-134] rec[-126] rec[-287]
DETECTOR(1, 6, 1) rec[-142] rec[-134] rec[-133] rec[-125] rec[-286]
DETECTOR(1, 8, 1) rec[-141] rec[-133] rec[-132] rec[-124] rec[-285]
DETECTOR(1, 10, 1) rec[-140] rec[-132] rec[-131] rec[-123] rec[-284]
DETECTOR(1, 12, 1) rec[-139] rec[-131] rec[-130] rec[-122] rec[-283]
DETECTOR(1, 14, 1) rec[-138] rec[-130] rec[-129] rec[-121] rec[-282]
DETECTOR(1, 16, 1) rec[-137] rec[-129] rec[-120] rec[-281]
DETECTOR(3, 0, 1) rec[-128] rec[-119] rec[-111] rec[-280]
DETECTOR(3, 2, 1) rec[-127] rec[-119] rec[-118] rec[-110] rec[-279]
DETECTOR(3, 4, 1) rec[-126] rec[-118] rec[-117] rec[-109] rec[-278]
DETECTOR(3, 6, 1) rec[-125] rec[-117] rec[-116] rec[-108] rec[-277]
DETECTOR(3, 8, 1) rec[-124] rec[-116] rec[-115] rec[-107] rec[-276]
DETECTOR(3, 10, 1) rec[-123] rec[-115] rec[-114] rec[-106] rec[-275]
DETECTOR(3, 12, 1) rec[-122] rec[-114] rec[-113] rec[-105] rec[-274]
DETECTOR(3, 14, 1) rec[-121] rec[-113] rec[-112] rec[-104] rec[-273]
DETECTOR(3, 16, 1) rec[-120] rec[-112] rec[-103] rec[-272]
DETECTOR(5, 0, 1) rec[-111] rec[-102] rec[-94] rec[-271]
DETECTOR(5, 2, 1) rec[-110] rec[-102] rec[-101] rec[-93] rec[-270]
DETECTOR(5, 4, 1) rec[-109] rec[-101] rec[-100] rec[-92] rec[-269]
DETECTOR(5, 6, 1) rec[-108] rec[-100] rec[-99] rec[-91] rec[-268]
DETECTOR(5, 8, 1) rec[-107] rec[-99] rec[-98] rec[-90] rec[-267]
DETECTOR(5, 10, 1) rec[-106] rec[-98] rec[-97] rec[-89] rec[-266]
DETECTOR(5, 12, 1) rec[-105] rec[-97] rec[-96] rec[-88] rec[-265]
DETECTOR(5, 14, 1) rec[-104] rec[-96] rec[-95] rec[-87] rec[-264]
DETECTOR(5, 16, 1) rec[-103] rec[-95] rec[-86] rec[-263]
DETECTOR(7, 0, 1) rec[-94] rec[-85] rec[-77] rec[-262]
DETECTOR(7, 2, 1) rec[-93] rec[-85] rec[-84] rec[-76] rec[-261]
DETECTOR(7, 4, 1) rec[-92] rec[-84] rec[-83] rec[-75] rec[-260]
DETECTOR(7, 6, 1) rec[-91] rec[-83] rec[-82] rec[-74] rec[-259]
DETECTOR(7, 8, 1) rec[-90] rec[-82] rec[-81] rec[-73] rec[-258]
DETECTOR(7, 10, 1) rec[-89] rec[-81] rec[-80] rec[-72] rec[-257]
DETECTOR(7, 12, 1) rec[-88] rec[-80] rec[-79] rec[-71] rec[-256]
DETECTOR(7, 14, 1) rec[-87] rec[-79] rec[-78] rec[-70] rec[-255]
DETECTOR(7, 16, 1) rec[-86] rec[-78] rec[-69] rec[-254]
DETECTOR(9, 0, 1) rec[-77] rec[-68] rec[-60] rec[-253]
DETECTOR(9, 2, 1) rec[-76] rec[-68] rec[-67] rec[-59] rec[-252]
DETECTOR(9, 4, 1) rec[-75] rec[-67] rec[-66] rec[-58] rec[-251]
DETECTOR(9, 6, 1) rec[-74] rec[-66] rec[-65] rec[-57] rec[-250]
DETECTOR(9, 8, 1) rec[-73] rec[-65] rec[-64] rec[-56] rec[-249]
DETECTOR(9, 10, 1) rec[-72] rec[-64] rec[-63] rec[-55] rec[-248]
DETECTOR(9, 12, 1) rec[-71] rec[-63] rec[-62] rec[-54] rec[-247]
DETECTOR(9, 14, 1) rec[-70] rec[-62] rec[-61] rec[-53] rec[-246]
DETECTOR(9, 16, 1) rec[-69] rec[-61] rec[-52] rec[-245]
DETECTOR(11, 0, 1) rec[-60] rec[-51] rec[-43] rec[-244]
DETECTOR(11, 2, 1) rec[-59] rec[-51] rec[-50] rec[-42] rec[-243]
DETECTOR(11, 4, 1) rec[-58] rec[-50] rec[-49] rec[-41] rec[-242]
DETECTOR(11, 6, 1) rec[-57] rec[-49] rec[-48] rec[-40] rec[-241]
DETECTOR(11, 8, 1) rec[-56] rec[-48] rec[-47] rec[-39] rec[-240]
DETECTOR(11, 10, 1) rec[-55] rec[-47] rec[-46] rec[-38] rec[-239]
DETECTOR(11, 12, 1) rec[-54] rec[-46] rec[-45] rec[-37] rec[-238]
DETECTOR(11, 14, 1) rec[-53] rec[-45] rec[-44] rec[-36] rec[-237]
DETECTOR(11, 16, 1) rec[-52] rec[-44] rec[-35] rec[-236]
DETECTOR(13, 0, 1) rec[-43] rec[-34] rec[-26] rec[-235]
DETECTOR(13, 2, 1) rec[-42] rec[-34] rec[-33] rec[-25] rec[-234]
DETECTOR(13, 4, 1) rec[-41] rec[-33] rec[-32] rec[-24] rec[-233]
DETECTOR(13, 6, 1) rec[-40] rec[-32] rec[-31] rec[-23] rec[-232]
DETECTOR(13, 8, 1) rec[-39] rec[-31] rec[-30] rec[-22] rec[-231]
DETECTOR(13, 10, 1) rec[-38] rec[-30] rec[-29] rec[-21] rec[-230]
DETECTOR(13, 12, 1) rec[-37] rec[-29] rec[-28] rec[-20] rec[-229]
DETECTOR(13, 14, 1) rec[-36] rec[-28] rec[-27] rec[-19] rec[-228]
DETECTOR(13, 16, 1) rec[-35] rec[-27] rec[-18] rec[-227]
DETECTOR(15, 0, 1) rec[-26] rec[-17] rec[-9] rec[-226]
DETECTOR(15, 2, 1) rec[-25] rec[-17] rec[-16] rec[-8] rec[-225]
DETECTOR(15, 4, 1) rec[-24] rec[-16] rec[-15] rec[-7] rec[-224]
DETECTOR(15, 6, 1) rec[-23] rec[-15] rec[-14] rec[-6] rec[-223]
DETECTOR(15, 8, 1) rec[-22] rec[-14] rec[-13] rec[-5] rec[-222]
DETECTOR(15, 10, 1) rec[-21] rec[-13] rec[-12] rec[-4] rec[-221]
DETECTOR(15, 12, 1) rec[-20] rec[-12] rec[-11] rec[-3] rec[-220]
DETECTOR(15, 14, 1) rec[-19] rec[-11] rec[-10] rec[-2] rec[-219]
DETECTOR(15, 16, 1) rec[-18] rec[-10] rec[-1] rec[-218]
OBSERVABLE_INCLUDE(0) rec[-145] rec[-144] rec[-143] rec[-142] rec[-141] rec[-140] rec[-139] rec[-138] rec[-137]
DEPOLARIZE1(0.001) 217 218 219 220 221 222 223 224 225 226 227 228 229 230 231 232 233 234 235 236 237 238 239 240 241 242 243 244 245 246 247 248 249 250 251 252 253 254 255 256 257 258 259 260 261 262 263 264 265 266 267 268 269 270 271 272 273 274 275 276 277 278 279 280 281 282 283 284 285 286 287 288