QUBIT_COORDS(0, 0) 0
QUBIT_COORDS(0, 2) 1
QUBIT_COORDS(0, 4) 2
QUBIT_COORDS(0, 6) 3
QUBIT_COORDS(0, 8) 4
QUBIT_COORDS(0, 10) 5
QUBIT_COORDS(0, 12) 6
QUBIT_COORDS(1, 1) 7
QUBIT_COORDS(1, 3) 8
QUBIT_COORDS(1, 5) 9
QUBIT_COORDS(1, 7) 10
QUBIT_COORDS(1, 9) 11
QUBIT_COORDS(1, 11) 12
QUBIT_COORDS(2, 0) 13
QUBIT_COORDS(2, 2) 14
QUBIT_COORDS(2, 4) 15
QUBIT_COORDS(2, 6) 16
QUBIT_COORDS(2, 8) 17
QUBIT_COORDS(2, 10) 18
QUBIT_COORDS(2, 12) 19
QUBIT_COORDS(3, 1) 20
QUBIT_COORDS(3, 3) 21
QUBIT_COORDS(3, 5) 22
QUBIT_COORDS(3, 7) 23
QUBIT_COORDS(3, 9) 24
QUBIT_COORDS(3, 11) 25
QUBIT_COORDS(4, 0) 26
QUBIT_COORDS(4, 2) 27
QUBIT_COORDS(4, 4) 28
QUBIT_COORDS(4, 6) 29
QUBIT_COORDS(4, 8) 30
QUBIT_COORDS(4, 10) 31
QUBIT_COORDS(4, 12) 32
QUBIT_COORDS(5, 1) 33
QUBIT_COORDS(5, 3) 34
QUBIT_COORDS(5, 5) 35
QUBIT_COORDS(5, 7) 36
QUBIT_COORDS(5, 9) 37
QUBIT_COORDS(5, 11) 38
QUBIT_COORDS(6, 0) 39
QUBIT_COORDS(6, 2) 40
QUBIT_COORDS(6, 4) 41
QUBIT_COORDS(6, 6) 42
QUBIT_COORDS(6, 8) 43
QUBIT_COORDS(6, 10) 44
QUBIT_COORDS(6, 12) 45
QUBIT_COORDS(7, 1) 46
QUBIT_COORDS(7, 3) 47
QUBIT_COORDS(7, 5) 48
QUBIT_COORDS(7, 7) 49
QUBIT_COORDS(7, 9) 50
QUBIT_COORDS(7, 11) 51
QUBIT_COORDS(8, 0) 52
QUBIT_COORDS(8, 2) 53
QUBIT_COORDS(8, 4) 54
QUBIT_COORDS(8, 6) 55
QUBIT_COORDS(8, 8) 56
QUBIT_COORDS(8, 10) 57
QUBIT_COORDS(8, 12) 58
QUBIT_COORDS(9, 1) 59
QUBIT_COORDS(9, 3) 60
QUBIT_COORDS(9, 5) 61
QUBIT_COORDS(9, 7) 62
QUBIT_COORDS(9, 9) 63
QUBIT_COORDS(9, 11) 64
QUBIT_COORDS(10, 0) 65
QUBIT_COORDS(10, 2) 66
QUBIT_COORDS(10, 4) 67
QUBIT_COORDS(10, 6) 68
QUBIT_COORDS(10, 8) 69
QUBIT_COORDS(10, 10) 70
QUBIT_COORDS(10, 12) 71
QUBIT_COORDS(11, 1) 72
QUBIT_COORDS(11, 3) 73
QUBIT_COORDS(11, 5) 74
QUBIT_COORDS(11, 7) 75
QUBIT_COORDS(11, 9) 76
QUBIT_COORDS(11, 11) 77
QUBIT_COORDS(12, 0) 78
QUBIT_COORDS(12, 2) 79
QUBIT_COORDS(12, 4) 80
QUBIT_COORDS(12, 6) 81
QUBIT_COORDS(12, 8) 82
QUBIT_COORDS(12, 10) 83
QUBIT_COORDS(12, 12) 84
QUBIT_COORDS(0, 1) 85
QUBIT_COORDS(0, 3) 86
QUBIT_COORDS(0, 5) 87
QUBIT_COORDS(0, 7) 88
QUBIT_COORDS(0, 9) 89
QUBIT_COORDS(0, 11) 90
QUBIT_COORDS(2, 1) 91
QUBIT_COORDS(2, 3) 92
QUBIT_COORDS(2, 5) 93
QUBIT_COORDS(2, 7) 94
QUBIT_COORDS(2, 9) 95
QUBIT_COORDS(2, 11) 96
QUBIT_COORDS(4, 1) 97
QUBIT_COORDS(4, 3) 98
QUBIT_COORDS(4, 5) 99
QUBIT_COORDS(4, 7) 100
QUBIT_COORDS(4, 9) 101
QUBIT_COORDS(4, 11) 102
QUBIT_COORDS(6, 1) 103
QUBIT_COORDS(6, 3) 104
QUBIT_COORDS(6, 5) 105
QUBIT_COORDS(6, 7) 106
QUBIT_COORDS(6, 9) 107
QUBIT_COORDS(6, 11) 108
QUBIT_COORDS(8, 1) 109
QUBIT_COORDS(8, 3) 110
QUBIT_COORDS(8, 5) 111
QUBIT_COORDS(8, 7) 112
QUBIT_COORDS(8, 9) 113
QUBIT_COORDS(8, 11) 114
QUBIT_COORDS(10, 1) 115
QUBIT_COORDS(10, 3) 116
QUBIT_COORDS(10, 5) 117
QUBIT_COORDS(10, 7) 118
QUBIT_COORDS(10, 9) 119
QUBIT_COORDS(10, 11) 120
QUBIT_COORDS(12, 1) 121
QUBIT_COORDS(12, 3) 122
QUBIT_COORDS(12, 5) 123
QUBIT_COORDS(12, 7) 124
QUBIT_COORDS(12, 9) 125
QUBIT_COORDS(12, 11) 126
QUBIT_COORDS(1, 0) 127
QUBIT_COORDS(1, 2) 128
QUBIT_COORDS(1, 4) 129
QUBIT_COORDS(1, 6) 130
QUBIT_COORDS(1, 8) 131
QUBIT_COORDS(1, 10) 132
QUBIT_COORDS(1, 12) 133
QUBIT_COORDS(3, 0) 134
QUBIT_COORDS(3, 2) 135
QUBIT_COORDS(3, 4) 136
QUBIT_COORDS(3, 6) 137
QUBIT_COORDS(3, 8) 138
QUBIT_COORDS(3, 10) 139
QUBIT_COORDS(3, 12) 140
QUBIT_COORDS(5, 0) 141
QUBIT_COORDS(5, 2) 142
QUBIT_COORDS(5, 4) 143
QUBIT_COORDS(5, 6) 144
QUBIT_COORDS(5, 8) 145
QUBIT_COORDS(5, 10) 146
QUBIT_COORDS(5, 12) 147
QUBIT_COORDS(7, 0) 148
QUBIT_COORDS(7, 2) 149
QUBIT_COORDS(7, 4) 150
QUBIT_COORDS(7, 6) 151
QUBIT_COORDS(7, 8) 152
QUBIT_COORDS(7, 10) 153
QUBIT_COORDS(7, 12) 154
QUBIT_COORDS(9, 0) 155
QUBIT_COORDS(9, 2) 156
QUBIT_COORDS(9, 4) 157
QUBIT_COORDS(9, 6) 158
QUBIT_COORDS(9, 8) 159
QUBIT_COORDS(9, 10) 160
QUBIT_COORDS(9, 12) 161
QUBIT_COORDS(11, 0) 162
QUBIT_COORDS(11, 2) 163
QUBIT_COORDS(11, 4) 164
QUBIT_COORDS(11, 6) 165
QUBIT_COORDS(11, 8) 166
QUBIT_COORDS(11, 10) 167
QUBIT_COORDS(11, 12) 168
R 0 1 2 3 4 5 6 7 8 9 10 11 12 13 14 15 16 17 18 19 20 21 22 23 24 25 26 27 28 29 30 31 32 33 34 35 36 37 38 39 40 41 42 43 44 45 46 47 48 49 50 51 52 53 54 55 56 57 58 59 60 61 62 63 64 65 66 67 68 69 70 71 72 73 74 75 76 77 78 79 80 81 82 83 84 127 128 129 130 131 132 133 134 135 136 137 138 139 140 141 142 143 144 145 146 147 148 149 150 151 152 153 154 155 156 157 158 159 160 161 162 163 164 165 166 167 168
X_ERROR(0.02) 0 1 2 3 4 5 6 7 8 9 10 11 12 13 14 15 16 17 18 19 20 21 22 23 24 25 26 27 28 29 30 31 32 33 34 35 36 37 38 39 40 41 42 43 44 45 46 47 48 49 50 51 52 53 54 55 56 57 58 59 60 61 62 63 64 65 66 67 68 69 70 71 72 73 74 75 76 77 78 79 80 81 82 83 84 127 128 129 130 131 132 133 134 135 136 137 138 139 140 141 142 143 144 145 146 147 148 149 150 151 152 153 154 155 156 157 158 159 160 161 162 163 164 165 166 167 168
DEPOLARIZE1(0.001) 85 86 87 88 89 90 91 92 93 94 95 96 97 98 99 100 101 102 103 104 105 106 107 108 109 110 111 112 113 114 115 116 117 118 119 120 121 122 123 124 125 126
TICK
H 0 1 2 3 4 5 6 7 8 9 10 11 12 13 14 15 16 17 18 19 20 21 22 23 24 25 26 27 28 29 30 31 32 33 34 35 36 37 38 39 40 41 42 43 44 45 46 47 48 49 50 51 52 53 54 55 56 57 58 59 60 61 62 63 64 65 66 67 68 69 70 71 72 73 74 75 76 77 78 79 80 81 82 83 84 127 128 129 130 131 132 133 134 135 136 137 138 139 140 141 142 143 144 145 146 147 148 149 150 151 152 153 154 155 156 157 158 159 160 161 162 163 164 165 166 167 168
DEPOLARIZE1(0.001) 0 1 2 3 4 5 6 7 8 9 10 11 12 13 14 15 16 17 18 19 20 21 22 23 24 25 26 27 28 29 30 31 32 33 34 35 36 37 38 39 40 41 42 43 44 45 46 47 48 49 50 51 52 53 54 55 56 57 58 59 60 61 62 63 64 65 66 67 68 69 70 71 72 73 74 75 76 77 78 79 80 81 82 83 84 127 128 129 130 131 132 133 134 135 136 137 138 139 140 141 142 143 144 145 146 147 148 149 150 151 152 153 154 155 156 157 158 159 160 161 162 163 164 165 166 167 168 85 86 87 88 89 90 91 92 93 94 95 96 97 98 99 100 101 102 103 104 105 106 107 108 109 110 111 112 113 114 115 116 117 118 119 120 121 122 123 124 125 126
TICK
CZ 127 13 128 14 129 15 130 16 131 17 132 18 133 19 134 26 135 27 136 28 137 29 138 30 139 31 140 32 141 39 142 40 143 41 144 42 145 43 146 44 147 45 148 52 149 53 150 54 151 55 152 56 153 57 154 58 155 65 156 66 157 67 158 68 159 69 160 70 161 71 162 78 163 79 164 80 165 81 166 82 167 83 168 84
DEPOLARIZE2(0.01) 127 13 128 14 129 15 130 16 131 17 132 18 133 19 134 26 135 27 136 28 137 29 138 30 139 31 140 32 141 39 142 40 143 41 144 42 145 43 146 44 147 45 148 52 149 53 150 54 151 55 152 56 153 57 154 58 155 65 156 66 157 67 158 68 159 69 160 70 161 71 162 78 163 79 164 80 165 81 166 82 167 83 168 84
DEPOLARIZE1(0.001) 0 1 2 3 4 5 6 7 8 9 10 11 12 20 21 22 23 24 25 33 34 35 36 37 38 46 47 48 49 50 51 59 60 61 62 63 64 72 73 74 75 76 77 85 86 87 88 89 90 91 92 93 94 95 96 97 98 99 100 101 102 103 104 105 106 107 108 109 110 111 112 113 114 115 116 117 118 119 120 121 122 123 124 125 126
TICK
CZ 128 7 129 8 130 9 131 10 132 11 133 12 135 20 136 21 137 22 138 23 139 24 140 25 142 33 143 34 144 35 145 36 146 37 147 38 149 46 150 47 151 48 152 49 153 50 154 51 156 59 157 60 158 61 159 62 160 63 161 64 163 72 164 73 165 74 166 75 167 76 168 77
DEPOLARIZE2(0.01) 128 7 129 8 130 9 131 10 132 11 133 12 135 20 136 21 137 22 138 23 139 24 140 25 142 33 143 34 144 35 145 36 146 37 147 38 149 46 150 47 151 48 152 49 153 50 154 51 156 59 157 60 158 61 159 62 160 63 161 64 163 72 164 73 165 74 166 75 167 76 168 77
DEPOLARIZE1(0.001) 0 1 2 3 4 5 6 13 14 15 16 17 18 19 26 27 28 29 30 31 32 39 40 41 42 43 44 45 52 53 54 55 56 57 58 65 66 67 68 69 70 71 78 79 80 81 82 83 84 85 86 87 88 89 90 91 92 93 94 95 96 97 98 99 100 101 102 103 104 105 106 107 108 109 110 111 112 113 114 115 116 117 118 119 120 121 122 123 124 125 126 127 134 141 148 155 162
TICK
CZ 127 7 128 8 129 9 130 10 131 11 132 12 134 20 135 21 136 22 137 23 138 24 139 25 141 33 142 34 143 35 144 36 145 37 146 38 148 46 149 47 150 48 151 49 152 50 153 51 155 59 156 60 157 61 158 62 159 63 160 64 162 72 163 73 164 74 165 75 166 76 167 77
DEPOLARIZE2(0.01) 127 7 128 8 129 9 130 10 131 11 132 12 134 20 135 21 136 22 137 23 138 24 139 25 141 33 142 34 143 35 144 36 145 37 146 38 148 46 149 47 150 48 151 49 152 50 153 51 155 59 156 60 157 61 158 62 159 63 160 64 162 72 163 73 164 74 165 75 166 76 167 77
DEPOLARIZE1(0.001) 0 1 2 3 4 5 6 13 14 15 16 17 18 19 26 27 28 29 30 31 32 39 40 41 42 43 44 45 52 53 54 55 56 57 58 65 66 67 68 69 70 71 78 79 80 81 82 83 84 85 86 87 88 89 90 91 92 93 94 95 96 97 98 99 100 101 102 103 104 105 106 107 108 109 110 111 112 113 114 115 116 117 118 119 120 121 122 123 124 125 126 133 140 147 154 161 168
TICK
CZ 127 0 128 1 129 2 130 3 131 4 132 5 133 6 134 13 135 14 136 15 137 16 138 17 139 18 140 19 141 26 142 27 143 28 144 29 145 30 146 31 147 32 148 39 149 40 150 41 151 42 152 43 153 44 154 45 155 52 156 53 157 54 158 55 159 56 160 57 161 58 162 65 163 66 164 67 165 68 166 69 167 70 168 71
R 85 86 87 88 89 90 91 92 93 94 95 96 97 98 99 100 101 102 103 104 105 106 107 108 109 110 111 112 113 114 115 116 117 118 119 120 121 122 123 124 125 126
DEPOLARIZE2(0.01) 127 0 128 1 129 2 130 3 131 4 132 5 133 6 134 13 135 14 136 15 137 16 138 17 139 18 140 19 141 26 142 27 143 28 144 29 145 30 146 31 147 32 148 39 149 40 150 41 151 42 152 43 153 44 154 45 155 52 156 53 157 54 158 55 159 56 160 57 161 58 162 65 163 66 164 67 165 68 166 69 167 70 168 71
X_ERROR(0.02) 85 86 87 88 89 90 91 92 93 94 95 96 97 98 99 100 101 102 103 104 105 106 107 108 109 110 111 112 113 114 115 116 117 118 119 120 121 122 123 124 125 126
DEPOLARIZE1(0.001) 7 8 9 10 11 12 20 21 22 23 24 25 33 34 35 36 37 38 46 47 48 49 50 51 59 60 61 62 63 64 72 73 74 75 76 77 78 79 80 81 82 83 84
TICK
H 0 1 2 3 4 5 6 7 8 9 10 11 12 13 14 15 16 17 18 19 20 21 22 23 24 25 26 27 28 29 30 31 32 33 34 35 36 37 38 39 40 41 42 43 44 45 46 47 48 49 50 51 52 53 54 55 56 57 58 59 60 61 62 63 64 65 66 67 68 69 70 71 72 73 74 75 76 77 78 79 80 81 82 83 84 85 86 87 88 89 90 91 92 93 94 95 96 97 98 99 100 101 102 103 104 105 106 107 108 109 110 111 112 113 114 115 116 117 118 119 120 121 122 123 124 125 126 127 128 129 130 131 132 133 134 135 136 137 138 139 140 141 142 143 144 145 146 147 148 149 150 151 152 153 154 155 156 157 158 159 160 161 162 163 164 165 166 167 168
DEPOLARIZE1(0.001) 0 1 2 3 4 5 6 7 8 9 10 11 12 13 14 15 16 17 18 19 20 21 22 23 24 25 26 27 28 29 30 31 32 33 34 35 36 37 38 39 40 41 42 43 44 45 46 47 48 49 50 51 52 53 54 55 56 57 58 59 60 61 62 63 64 65 66 67 68 69 70 71 72 73 74 75 76 77 78 79 80 81 82 83 84 85 86 87 88 89 90 91 92 93 94 95 96 97 98 99 100 101 102 103 104 105 106 107 108 109 110 111 112 113 114 115 116 117 118 119 120 121 122 123 124 125 126 127 128 129 130 131 132 133 134 135 136 137 138 139 140 141 142 143 144 145 146 147 148 149 150 151 152 153 154 155 156 157 158 159 160 161 162 163 164 165 166 167 168
TICK
X_ERROR(0.05) 127 128 129 130 131 132 133 134 135 136 137 138 139 140 141 142 143 144 145 146 147 148 149 150 151 152 153 154 155 156 157 158 159 160 161 162 163 164 165 166 167 168
M 127 128 129 130 131 132 133 134 135 136 137 138 139 140 141 142 143 144 145 146 147 148 149 150 151 152 153 154 155 156 157 158 159 160 161 162 163 164 165 166 167 168
CZ 85 7 86 8 87 9 88 10 89 11 90 12 91 20 92 21 93 22 94 23 95 24 96 25 97 33 98 34 99 35 100 36 101 37 102 38 103 46 104 47 105 48 106 49 107 50 108 51 109 59 110 60 111 61 112 62 113 63 114 64 115 72 116 73 117 74 118 75 119 76 120 77
DEPOLARIZE2(0.01) 85 7 86 8 87 9 88 10 89 11 90 12 91 20 92 21 93 22 94 23 95 24 96 25 97 33 98 34 99 35 100 36 101 37 102 38 103 46 104 47 105 48 106 49 107 50 108 51 109 59 110 60 111 61 112 62 113 63 114 64 115 72 116 73 117 74 118 75 119 76 120 77
DEPOLARIZE1(0.001) 0 1 2 3 4 5 6 13 14 15 16 17 18 19 26 27 28 29 30 31 32 39 40 41 42 43 44 45 52 53 54 55 56 57 58 65 66 67 68 69 70 71 78 79 80 81 82 83 84 121 122 123 124 125 126
TICK
CZ 85 1 86 2 87 3 88 4 89 5 90 6 91 14 92 15 93 16 94 17 95 18 96 19 97 27 98 28 99 29 100 30 101 31 102 32 103 40 104 41 105 42 106 43 107 44 108 45 109 53 110 54 111 55 112 56 113 57 114 58 115 66 116 67 117 68 118 69 119 70 120 71 121 79 122 80 123 81 124 82 125 83 126 84
DEPOLARIZE2(0.01) 85 1 86 2 87 3 88 4 89 5 90 6 91 14 92 15 93 16 94 17 95 18 96 19 97 27 98 28 99 29 100 30 101 31 102 32 103 40 104 41 105 42 106 43 107 44 108 45 109 53 110 54 111 55 112 56 113 57 114 58 115 66 116 67 117 68 118 69 119 70 120 71 121 79 122 80 123 81 124 82 125 83 126 84
DEPOLARIZE1(0.001) 0 7 8 9 10 11 12 13 20 21 22 23 24 25 26 33 34 35 36 37 38 39 46 47 48 49 50 51 52 59 60 61 62 63 64 65 72 73 74 75 76 77 78 127 128 129 130 131 132 133 134 135 136 137 138 139 140 141 142 143 144 145 146 147 148 149 150 151 152 153 154 155 156 157 158 159 160 161 162 163 164 165 166 167 168
TICK
CZ 85 0 86 1 87 2 88 3 89 4 90 5 91 13 92 14 93 15 94 16 95 17 96 18 97 26 98 27 99 28 100 29 101 30 102 31 103 39 104 40 105 41 106 42 107 43 108 44 109 52 110 53 111 54 112 55 113 56 114 57 115 65 116 66 117 67 118 68 119 69 120 70 121 78 122 79 123 80 124 81 125 82 126 83
DEPOLARIZE2(0.01) 85 0 86 1 87 2 88 3 89 4 90 5 91 13 92 14 93 15 94 16 95 17 96 18 97 26 98 27 99 28 100 29 101 30 102 31 103 39 104 40 105 41 106 42 107 43 108 44 109 52 110 53 111 54 112 55 113 56 114 57 115 65 116 66 117 67 118 68 119 69 120 70 121 78 122 79 123 80 124 81 125 82 126 83
DEPOLARIZE1(0.001) 6 7 8 9 10 11 12 19 20 21 22 23 24 25 32 33 34 35 36 37 38 45 46 47 48 49 50 51 58 59 60 61 62 63 64 71 72 73 74 75 76 77 84 127 128 129 130 131 132 133 134 135 136 137 138 139 140 141 142 143 144 145 146 147 148 149 150 151 152 153 154 155 156 157 158 159 160 161 162 163 164 165 166 167 168
TICK
CZ 91 7 92 8 93 9 94 10 95 11 96 12 97 20 98 21 99 22 100 23 101 24 102 25 103 33 104 34 105 35 106 36 107 37 108 38 109 46 110 47 111 48 112 49 113 50 114 51 115 59 116 60 117 61 118 62 119 63 120 64 121 72 122 73 123 74 124 75 125 76 126 77
DEPOLARIZE2(0.01) 91 7 92 8 93 9 94 10 95 11 96 12 97 20 98 21 99 22 100 23 101 24 102 25 103 33 104 34 105 35 106 36 107 37 108 38 109 46 110 47 111 48 112 49 113 50 114 51 115 59 116 60 117 61 118 62 119 63 120 64 121 72 122 73 123 74 124 75 125 76 126 77
DEPOLARIZE1(0.001) 0 1 2 3 4 5 6 13 14 15 16 17 18 19 26 27 28 29 30 31 32 39 40 41 42 43 44 45 52 53 54 55 56 57 58 65 66 67 68 69 70 71 78 79 80 81 82 83 84 85 86 87 88 89 90 127 128 129 130 131 132 133 134 135 136 137 138 139 140 141 142 143 144 145 146 147 148 149 150 151 152 153 154 155 156 157 158 159 160 161 162 163 164 165 166 167 168
TICK
H 85 86 87 88 89 90 91 92 93 94 95 96 97 98 99 100 101 102 103 104 105 106 107 108 109 110 111 112 113 114 115 116 117 118 119 120 121 122 123 124 125 126
DEPOLARIZE1(0.001) 85 86 87 88 89 90 91 92 93 94 95 96 97 98 99 100 101 102 103 104 105 106 107 108 109 110 111 112 113 114 115 116 117 118 119 120 121 122 123 124 125 126 0 1 2 3 4 5 6 7 8 9 10 11 12 13 14 15 16 17 18 19 20 21 22 23 24 25 26 27 28 29 30 31 32 33 34 35 36 37 38 39 40 41 42 43 44 45 46 47 48 49 50 51 52 53 54 55 56 57 58 59 60 61 62 63 64 65 66 67 68 69 70 71 72 73 74 75 76 77 78 79 80 81 82 83 84 127 128 129 130 131 132 133 134 135 136 137 138 139 140 141 142 143 144 145 146 147 148 149 150 151 152 153 154 155 156 157 158 159 160 161 162 163 164 165 166 167 168
TICK
X_ERROR(0.05) 85 86 87 88 89 90 91 92 93 94 95 96 97 98 99 100 101 102 103 104 105 106 107 108 109 110 111 112 113 114 115 116 117 118 119 120 121 122 123 124 125 126 0 1 2 3 4 5 6 7 8 9 10 11 12 13 14 15 16 17 18 19 20 21 22 23 24 25 26 27 28 29 30 31 32 33 34 35 36 37 38 39 40 41 42 43 44 45 46 47 48 49 50 51 52 53 54 55 56 57 58 59 60 61 62 63 64 65 66 67 68 69 70 71 72 73 74 75 76 77 78 79 80 81 82 83 84
M 85 86 87 88 89 90 91 92 93 94 95 96 97 98 99 100 101 102 103 104 105 106 107 108 109 110 111 112 113 114 115 116 117 118 119 120 121 122 123 124 125 126
DETECTOR(0, 1, 0) rec[-42]
DETECTOR(0, 3, 0) rec[-41]
DETECTOR(0, 5, 0) rec[-40]
DETECTOR(0, 7, 0) rec[-39]
DETECTOR(0, 9, 0) rec[-38]
DETECTOR(0, 11, 0) rec[-37]
DETECTOR(2, 1, 0) rec[-36]
DETECTOR(2, 3, 0) rec[-35]
DETECTOR(2, 5, 0) rec[-34]
DETECTOR(2, 7, 0) rec[-33]
DETECTOR(2, 9, 0) rec[-32]
DETECTOR(2, 11, 0) rec[-31]
DETECTOR(4, 1, 0) rec[-30]
DETECTOR(4, 3, 0) rec[-29]
DETECTOR(4, 5, 0) rec[-28]
DETECTOR(4, 7, 0) rec[-27]
DETECTOR(4, 9, 0) rec[-26]
DETECTOR(4, 11, 0) rec[-25]
DETECTOR(6, 1, 0) rec[-24]
DETECTOR(6, 3, 0) rec[-23]
DETECTOR(6, 5, 0) rec[-22]
DETECTOR(6, 7, 0) rec[-21]
DETECTOR(6, 9, 0) rec[-20]
DETECTOR(6, 11, 0) rec[-19]
DETECTOR(8, 1, 0) rec[-18]
DETECTOR(8, 3, 0) rec[-17]
DETECTOR(8, 5, 0) rec[-16]
DETECTOR(8, 7, 0) rec[-15]
DETECTOR(8, 9, 0) rec[-14]
DETECTOR(8, 11, 0) rec[-13]
DETECTOR(10, 1, 0) rec[-12]
DETECTOR(10, 3, 0) rec[-11]
DETECTOR(10, 5, 0) rec[-10]
DETECTOR(10, 7, 0) rec[-9]
DETECTOR(10, 9, 0) rec[-8]
DETECTOR(10, 11, 0) rec[-7]
DETECTOR(12, 1, 0) rec[-6]
DETECTOR(12, 3, 0) rec[-5]
DETECTOR(12, 5, 0) rec[-4]
DETECTOR(12, 7, 0) rec[-3]
DETECTOR(12, 9, 0) rec[-2]
DETECTOR(12, 11, 0) rec[-1]
M 0 1 2 3 4 5 6 7 8 9 10 11 12 13 14 15 16 17 18 19 20 21 22 23 24 25 26 27 28 29 30 31 32 33 34 35 36 37 38 39 40 41 42 43 44 45 46 47 48 49 50 51 52 53 54 55 56 57 58 59 60 61 62 63 64 65 66 67 68 69 70 71 72 73 74 75 76 77 78 79 80 81 82 83 84
DETECTOR(0, 1, 1) rec[-85] rec[-84] rec[-78] rec[-127]
DETECTOR(0, 3, 1) rec[-84] rec[-83] rec[-77] rec[-126]
DETECTOR(0, 5, 1) rec[-83] rec[-82] rec[-76] rec[-125]
DETECTOR(0, 7, 1) rec[-82] rec[-81] rec[-75] rec[-124]
DETECTOR(0, 9, 1) rec[-81] rec[-80] rec[-74] rec[-123]
DETECTOR(0, 11, 1) rec[-80] rec[-79] rec[-73] rec[-122]
DETECTOR(2, 1, 1) rec[-78] rec[-72] rec[-71] rec[-65] rec[-121]
DETECTOR(2, 3, 1) rec[-77] rec[-71] rec[-70] rec[-64] rec[-120]
DETECTOR(2, 5, 1) rec[-76] rec[-70] rec[-69] rec[-63] rec[-119]
DETECTOR(2, 7, 1) rec[-75] rec[-69] rec[-68] rec[-62] rec[-118]
DETECTOR(2, 9, 1) rec[-74] rec[-68] rec[-67] rec[-61] rec[-117]
DETECTOR(2, 11, 1) rec[-73] rec[-67] rec[-66] rec[-60] rec[-116]
DETECTOR(4, 1, 1) rec[-65] rec[-59] rec[-58] rec[-52] rec[-115]
DETECTOR(4, 3, 1) rec[-64] rec[-58] rec[-57] rec[-51] rec[-114]
DETECTOR(4, 5, 1) rec[-63] rec[-57] rec[-56] rec[-50] rec[-113]
DETECTOR(4, 7, 1) rec[-62] rec[-56] rec[-55] rec[-49] rec[-112]
DETECTOR(4, 9, 1) rec[-61] rec[-55] rec[-54] rec[-48] rec[-111]
DETECTOR(4, 11, 1) rec[-60] rec[-54] rec[-53] rec[-47] rec[-110]
DETECTOR(6, 1, 1) rec[-52] rec[-46] rec[-45] rec[-39] rec[-109]
DETECTOR(6, 3, 1) rec[-51] rec[-45] rec[-44] rec[-38] rec[-108]
DETECTOR(6, 5, 1) rec[-50] rec[-44] rec[-43] rec[-37] rec[-107]
DETECTOR(6, 7, 1) rec[-49] rec[-43] rec[-42] rec[-36] rec[-106]
DETECTOR(6, 9, 1) rec[-48] rec[-42] rec[-41] rec[-35] rec[-105]
DETECTOR(6, 11, 1) rec[-47] rec[-41] rec[-40] rec[-34] rec[-104]
DETECTOR(8, 1, 1) rec[-39] rec[-33] rec[-32] rec[-26] rec[-103]
DETECTOR(8, 3, 1) rec[-38] rec[-32] rec[-31] rec[-25] rec[-102]
DETECTOR(8, 5, 1) rec[-37] rec[-31] rec[-30] rec[-24] rec[-101]
DETECTOR(8, 7, 1) rec[-36] rec[-30] rec[-29] rec[-23] rec[-100]
DETECTOR(8, 9, 1) rec[-35] rec[-29] rec[-28] rec[-22] rec[-99]
DETECTOR(8, 11, 1) rec[-34] rec[-28] rec[-27] rec[-21] rec[-98]
DETECTOR(10, 1, 1) rec[-26] rec[-20] rec[-19] rec[-13] rec[-97]
DETECTOR(10, 3, 1) rec[-25] rec[-19] rec[-18] rec[-12] rec[-96]
DETECTOR(10, 5, 1) rec[-24] rec[-18] rec[-17] rec[-11] rec[-95]
DETECTOR(10, 7, 1) rec[-23] rec[-17] rec[-16] rec[-10] rec[-94]
DETECTOR(10, 9, 1) rec[-22] rec[-16] rec[-15] rec[-9] rec[-93]
DETECTOR(10, 11, 1) rec[-21] rec[-15] rec[-14] rec[-8] rec[-92]
DETECTOR(12, 1, 1) rec[-13] rec[-7] rec[-6] rec[-91]
DETECTOR(12, 3, 1) rec[-12] rec[-6] rec[-5] rec[-90]
DETECTOR(12, 5, 1) rec[-11] rec[-5] rec[-4] rec[-89]
DETECTOR(12, 7, 1) rec[-10] rec[-4] rec[-3] rec[-88]
DETECTOR(12, 9, 1) rec[-9] rec[-3] rec[-2] rec[-87]
DETECTOR(12, 11, 1) rec[-8] rec[-2] rec[-1] rec[-86]
OBSERVABLE_INCLUDE(0) rec[-85] rec[-72] rec[-59] rec[-46] rec[-33] rec[-20] rec[-7]
DEPOLARIZE1(0.001) 127 128 129 130 131 132 133 134 135 136 137 138 139 140 141 142 143 144 145 146 147 148 149 150 151 152 153 154 155 156 157 158 159 160 161 162 163 164 165 166 167 168