QUBIT_COORDS(0, 0) 0
QUBIT_COORDS(0, 2) 1
QUBIT_COORDS(0, 4) 2
QUBIT_COORDS(0, 6) 3
QUBIT_COORDS(0, 8) 4
QUBIT_COORDS(1, 1) 5
QUBIT_COORDS(1, 3) 6
QUBIT_COORDS(1, 5) 7
QUBIT_COORDS(1, 7) 8
QUBIT_COORDS(2, 0) 9
QUBIT_COORDS(2, 2) 10
QUBIT_COORDS(2, 4) 11
QUBIT_COORDS(2, 6) 12
QUBIT_COORDS(2, 8) 13
QUBIT_COORDS(3, 1) 14
QUBIT_COORDS(3, 3) 15
QUBIT_COORDS(3, 5) 16
QUBIT_COORDS(3, 7) 17
QUBIT_COORDS(4, 0) 18
QUBIT_COORDS(4, 2) 19
QUBIT_COORDS(4, 4) 20
QUBIT_COORDS(4, 6) 21
QUBIT_COORDS(4, 8) 22
QUBIT_COORDS(5, 1) 23
QUBIT_COORDS(5, 3) 24
QUBIT_COORDS(5, 5) 25
QUBIT_COORDS(5, 7) 26
QUBIT_COORDS(6, 0) 27
QUBIT_COORDS(6, 2) 28
QUBIT_COORDS(6, 4) 29
QUBIT_COORDS(6, 6) 30
QUBIT_COORDS(6, 8) 31
QUBIT_COORDS(7, 1) 32
QUBIT_COORDS(7, 3) 33
QUBIT_COORDS(7, 5) 34
QUBIT_COORDS(7, 7) 35
QUBIT_COORDS(8, 0) 36
QUBIT_COORDS(8, 2) 37
QUBIT_COORDS(8, 4) 38
QUBIT_COORDS(8, 6) 39
QUBIT_COORDS(8, 8) 40
QUBIT_COORDS(0, 1) 41
QUBIT_COORDS(0, 3) 42
QUBIT_COORDS(0, 5) 43
QUBIT_COORDS(0, 7) 44
QUBIT_COORDS(2, 1) 45
QUBIT_COORDS(2, 3) 46
QUBIT_COORDS(2, 5) 47
QUBIT_COORDS(2, 7) 48
QUBIT_COORDS(4, 1) 49
QUBIT_COORDS(4, 3) 50
QUBIT_COORDS(4, 5) 51
QUBIT_COORDS(4, 7) 52
QUBIT_COORDS(6, 1) 53
QUBIT_COORDS(6, 3) 54
QUBIT_COORDS(6, 5) 55
QUBIT_COORDS(6, 7) 56
QUBIT_COORDS(8, 1) 57
QUBIT_COORDS(8, 3) 58
QUBIT_COORDS(8, 5) 59
QUBIT_COORDS(8, 7) 60
QUBIT_COORDS(1, 0) 61
QUBIT_COORDS(1, 2) 62
QUBIT_COORDS(1, 4) 63
QUBIT_COORDS(1, 6) 64
QUBIT_COORDS(1, 8) 65
QUBIT_COORDS(3, 0) 66
QUBIT_COORDS(3, 2) 67
QUBIT_COORDS(3, 4) 68
QUBIT_COORDS(3, 6) 69
QUBIT_COORDS(3, 8) 70
QUBIT_COORDS(5, 0) 71
QUBIT_COORDS(5, 2) 72
QUBIT_COORDS(5, 4) 73
QUBIT_COORDS(5, 6) 74
QUBIT_COORDS(5, 8) 75
QUBIT_COORDS(7, 0) 76
QUBIT_COORDS(7, 2) 77
QUBIT_COORDS(7, 4) 78
QUBIT_COORDS(7, 6) 79
QUBIT_COORDS(7, 8) 80
R 0 1 2 3 4 5 6 7 8 9 10 11 12 13 14 15 16 17 18 19 20 21 22 23 24 25 26 27 28 29 30 31 32 33 34 35 36 37 38 39 40 61 62 63 64 65 66 67 68 69 70 71 72 73 74 75 76 77 78 79 80
X_ERROR(0.02) 0 1 2 3 4 5 6 7 8 9 10 11 12 13 14 15 16 17 18 19 20 21 22 23 24 25 26 27 28 29 30 31 32 33 34 35 36 37 38 39 40 61 62 63 64 65 66 67 68 69 70 71 72 73 74 75 76 77 78 79 80
DEPOLARIZE1(0.001) 41 42 43 44 45 46 47 48 49 50 51 52 53 54 55 56 57 58 59 60
TICK
H 61 62 63 64 65 66 67 68 69 70 71 72 73 74 75 76 77 78 79 80
DEPOLARIZE1(0.001) 61 62 63 64 65 66 67 68 69 70 71 72 73 74 75 76 77 78 79 80 0 1 2 3 4 5 6 7 8 9 10 11 12 13 14 15 16 17 18 19 20 21 22 23 24 25 26 27 28 29 30 31 32 33 34 35 36 37 38 39 40 41 42 43 44 45 46 47 48 49 50 51 52 53 54 55 56 57 58 59 60
TICK
CZ 61 9 62 10 63 11 64 12 65 13 66 18 67 19 68 20 69 21 70 22 71 27 72 28 73 29 74 30 75 31 76 36 77 37 78 38 79 39 80 40
DEPOLARIZE2(0.01) 61 9 62 10 63 11 64 12 65 13 66 18 67 19 68 20 69 21 70 22 71 27 72 28 73 29 74 30 75 31 76 36 77 37 78 38 79 39 80 40
DEPOLARIZE1(0.001) 0 1 2 3 4 5 6 7 8 14 15 16 17 23 24 25 26 32 33 34 35 41 42 43 44 45 46 47 48 49 50 51 52 53 54 55 56 57 58 59 60
TICK
CZ 62 5 63 6 64 7 65 8 67 14 68 15 69 16 70 17 72 23 73 24 74 25 75 26 77 32 78 33 79 34 80 35
DEPOLARIZE2(0.01) 62 5 63 6 64 7 65 8 67 14 68 15 69 16 70 17 72 23 73 24 74 25 75 26 77 32 78 33 79 34 80 35
DEPOLARIZE1(0.001) 0 1 2 3 4 9 10 11 12 13 18 19 20 21 22 27 28 29 30 31 36 37 38 39 40 41 42 43 44 45 46 47 48 49 50 51 52 53 54 55 56 57 58 59 60 61 66 71 76
TICK
CZ 61 5 62 6 63 7 64 8 66 14 67 15 68 16 69 17 71 23 72 24 73 25 74 26 76 32 77 33 78 34 79 35
DEPOLARIZE2(0.01) 61 5 62 6 63 7 64 8 66 14 67 15 68 16 69 17 71 23 72 24 73 25 74 26 76 32 77 33 78 34 79 35
DEPOLARIZE1(0.001) 0 1 2 3 4 9 10 11 12 13 18 19 20 21 22 27 28 29 30 31 36 37 38 39 40 41 42 43 44 45 46 47 48 49 50 51 52 53 54 55 56 57 58 59 60 65 70 75 80
TICK
CZ 61 0 62 1 63 2 64 3 65 4 66 9 67 10 68 11 69 12 70 13 71 18 72 19 73 20 74 21 75 22 76 27 77 28 78 29 79 30 80 31
R 41 42 43 44 45 46 47 48 49 50 51 52 53 54 55 56 57 58 59 60
DEPOLARIZE2(0.01) 61 0 62 1 63 2 64 3 65 4 66 9 67 10 68 11 69 12 70 13 71 18 72 19 73 20 74 21 75 22 76 27 77 28 78 29 79 30 80 31
X_ERROR(0.02) 41 42 43 44 45 46 47 48 49 50 51 52 53 54 55 56 57 58 59 60
DEPOLARIZE1(0.001) 5 6 7 8 14 15 16 17 23 24 25 26 32 33 34 35 36 37 38 39 40
TICK
H 0 1 2 3 4 5 6 7 8 9 10 11 12 13 14 15 16 17 18 19 20 21 22 23 24 25 26 27 28 29 30 31 32 33 34 35 36 37 38 39 40 41 42 43 44 45 46 47 48 49 50 51 52 53 54 55 56 57 58 59 60 61 62 63 64 65 66 67 68 69 70 71 72 73 74 75 76 77 78 79 80
DEPOLARIZE1(0.001) 0 1 2 3 4 5 6 7 8 9 10 11 12 13 14 15 16 17 18 19 20 21 22 23 24 25 26 27 28 29 30 31 32 33 34 35 36 37 38 39 40 41 42 43 44 45 46 47 48 49 50 51 52 53 54 55 56 57 58 59 60 61 62 63 64 65 66 67 68 69 70 71 72 73 74 75 76 77 78 79 80
TICK
X_ERROR(0.05) 61 62 63 64 65 66 67 68 69 70 71 72 73 74 75 76 77 78 79 80
M 61 62 63 64 65 66 67 68 69 70 71 72 73 74 75 76 77 78 79 80
DETECTOR(1, 0, 0) rec[-20]
DETECTOR(1, 2, 0) rec[-19]
DETECTOR(1, 4, 0) rec[-18]
DETECTOR(1, 6, 0) rec[-17]
DETECTOR(1, 8, 0) rec[-16]
DETECTOR(3, 0, 0) rec[-15]
DETECTOR(3, 2, 0) rec[-14]
DETECTOR(3, 4, 0) rec[-13]
DETECTOR(3, 6, 0) rec[-12]
DETECTOR(3, 8, 0) rec[-11]
DETECTOR(5, 0, 0) rec[-10]
DETECTOR(5, 2, 0) rec[-9]
DETECTOR(5, 4, 0) rec[-8]
DETECTOR(5, 6, 0) rec[-7]
DETECTOR(5, 8, 0) rec[-6]
DETECTOR(7, 0, 0) rec[-5]
DETECTOR(7, 2, 0) rec[-4]
DETECTOR(7, 4, 0) rec[-3]
DETECTOR(7, 6, 0) rec[-2]
DETECTOR(7, 8, 0) rec[-1]
CZ 41 5 42 6 43 7 44 8 45 14 46 15 47 16 48 17 49 23 50 24 51 25 52 26 53 32 54 33 55 34 56 35
DEPOLARIZE2(0.01) 41 5 42 6 43 7 44 8 45 14 46 15 47 16 48 17 49 23 50 24 51 25 52 26 53 32 54 33 55 34 56 35
DEPOLARIZE1(0.001) 0 1 2 3 4 9 10 11 12 13 18 19 20 21 22 27 28 29 30 31 36 37 38 39 40 57 58 59 60
TICK
CZ 41 1 42 2 43 3 44 4 45 10 46 11 47 12 48 13 49 19 50 20 51 21 52 22 53 28 54 29 55 30 56 31 57 37 58 38 59 39 60 40
DEPOLARIZE2(0.01) 41 1 42 2 43 3 44 4 45 10 46 11 47 12 48 13 49 19 50 20 51 21 52 22 53 28 54 29 55 30 56 31 57 37 58 38 59 39 60 40
DEPOLARIZE1(0.001) 0 5 6 7 8 9 14 15 16 17 18 23 24 25 26 27 32 33 34 35 36 61 62 63 64 65 66 67 68 69 70 71 72 73 74 75 76 77 78 79 80
TICK
CZ 41 0 42 1 43 2 44 3 45 9 46 10 47 11 48 12 49 18 50 19 51 20 52 21 53 27 54 28 55 29 56 30 57 36 58 37 59 38 60 39
DEPOLARIZE2(0.01) 41 0 42 1 43 2 44 3 45 9 46 10 47 11 48 12 49 18 50 19 51 20 52 21 53 27 54 28 55 29 56 30 57 36 58 37 59 38 60 39
DEPOLARIZE1(0.001) 4 5 6 7 8 13 14 15 16 17 22 23 24 25 26 31 32 33 34 35 40 61 62 63 64 65 66 67 68 69 70 71 72 73 74 75 76 77 78 79 80
TICK
CZ 45 5 46 6 47 7 48 8 49 14 50 15 51 16 52 17 53 23 54 24 55 25 56 26 57 32 58 33 59 34 60 35
DEPOLARIZE2(0.01) 45 5 46 6 47 7 48 8 49 14 50 15 51 16 52 17 53 23 54 24 55 25 56 26 57 32 58 33 59 34 60 35
DEPOLARIZE1(0.001) 0 1 2 3 4 9 10 11 12 13 18 19 20 21 22 27 28 29 30 31 36 37 38 39 40 41 42 43 44 61 62 63 64 65 66 67 68 69 70 71 72 73 74 75 76 77 78 79 80
TICK
H 0 1 2 3 4 5 6 7 8 9 10 11 12 13 14 15 16 17 18 19 20 21 22 23 24 25 26 27 28 29 30 31 32 33 34 35 36 37 38 39 40 41 42 43 44 45 46 47 48 49 50 51 52 53 54 55 56 57 58 59 60
DEPOLARIZE1(0.001) 0 1 2 3 4 5 6 7 8 9 10 11 12 13 14 15 16 17 18 19 20 21 22 23 24 25 26 27 28 29 30 31 32 33 34 35 36 37 38 39 40 41 42 43 44 45 46 47 48 49 50 51 52 53 54 55 56 57 58 59 60 61 62 63 64 65 66 67 68 69 70 71 72 73 74 75 76 77 78 79 80
TICK
X_ERROR(0.05) 41 42 43 44 45 46 47 48 49 50 51 52 53 54 55 56 57 58 59 60 0 1 2 3 4 5 6 7 8 9 10 11 12 13 14 15 16 17 18 19 20 21 22 23 24 25 26 27 28 29 30 31 32 33 34 35 36 37 38 39 40
M 41 42 43 44 45 46 47 48 49 50 51 52 53 54 55 56 57 58 59 60 0 1 2 3 4 5 6 7 8 9 10 11 12 13 14 15 16 17 18 19 20 21 22 23 24 25 26 27 28 29 30 31 32 33 34 35 36 37 38 39 40
DETECTOR(1, 0, 1) rec[-41] rec[-36] rec[-32] rec[-81]
DETECTOR(1, 2, 1) rec[-40] rec[-36] rec[-35] rec[-31] rec[-80]
DETECTOR(1, 4, 1) rec[-39] rec[-35] rec[-34] rec[-30] rec[-79]
DETECTOR(1, 6, 1) rec[-38] rec[-34] rec[-33] rec[-29] rec[-78]
DETECTOR(1, 8, 1) rec[-37] rec[-33] rec[-28] rec[-77]
DETECTOR(3, 0, 1) rec[-32] rec[-27] rec[-23] rec[-76]
DETECTOR(3, 2, 1) rec[-31] rec[-27] rec[-26] rec[-22] rec[-75]
DETECTOR(3, 4, 1) rec[-30] rec[-26] rec[-25] rec[-21] rec[-74]
DETECTOR(3, 6, 1) rec[-29] rec[-25] rec[-24] rec[-20] rec[-73]
DETECTOR(3, 8, 1) rec[-28] rec[-24] rec[-19] rec[-72]
DETECTOR(5, 0, 1) rec[-23] rec[-18] rec[-14] rec[-71]
DETECTOR(5, 2, 1) rec[-22] rec[-18] rec[-17] rec[-13] rec[-70]
DETECTOR(5, 4, 1) rec[-21] rec[-17] rec[-16] rec[-12] rec[-69]
DETECTOR(5, 6, 1) rec[-20] rec[-16] rec[-15] rec[-11] rec[-68]
DETECTOR(5, 8, 1) rec[-19] rec[-15] rec[-10] rec[-67]
DETECTOR(7, 0, 1) rec[-14] rec[-9] rec[-5] rec[-66]
DETECTOR(7, 2, 1) rec[-13] rec[-9] rec[-8] rec[-4] rec[-65]
DETECTOR(7, 4, 1) rec[-12] rec[-8] rec[-7] rec[-3] rec[-64]
DETECTOR(7, 6, 1) rec[-11] rec[-7] rec[-6] rec[-2] rec[-63]
DETECTOR(7, 8, 1) rec[-10] rec[-6] rec[-1] rec[-62]
OBSERVABLE_INCLUDE(0) rec[-41] rec[-40] rec[-39] rec[-38] rec[-37]
DEPOLARIZE1(0.001) 61 62 63 64 65 66 67 68 69 70 71 72 73 74 75 76 77 78 79 80