QUBIT_COORDS(0, 0) 0
QUBIT_COORDS(0, 2) 1
QUBIT_COORDS(0, 4) 2
QUBIT_COORDS(0, 6) 3
QUBIT_COORDS(0, 8) 4
QUBIT_COORDS(0, 10) 5
QUBIT_COORDS(0, 12) 6
QUBIT_COORDS(0, 14) 7
QUBIT_COORDS(0, 16) 8
QUBIT_COORDS(0, 18) 9
QUBIT_COORDS(0, 20) 10
QUBIT_COORDS(0, 22) 11
QUBIT_COORDS(0, 24) 12
QUBIT_COORDS(1, 1) 13
QUBIT_COORDS(1, 3) 14
QUBIT_COORDS(1, 5) 15
QUBIT_COORDS(1, 7) 16
QUBIT_COORDS(1, 9) 17
QUBIT_COORDS(1, 11) 18
QUBIT_COORDS(1, 13) 19
QUBIT_COORDS(1, 15) 20
QUBIT_COORDS(1, 17) 21
QUBIT_COORDS(1, 19) 22
QUBIT_COORDS(1, 21) 23
QUBIT_COORDS(1, 23) 24
QUBIT_COORDS(2, 0) 25
QUBIT_COORDS(2, 2) 26
QUBIT_COORDS(2, 4) 27
QUBIT_COORDS(2, 6) 28
QUBIT_COORDS(2, 8) 29
QUBIT_COORDS(2, 10) 30
QUBIT_COORDS(2, 12) 31
QUBIT_COORDS(2, 14) 32
QUBIT_COORDS(2, 16) 33
QUBIT_COORDS(2, 18) 34
QUBIT_COORDS(2, 20) 35
QUBIT_COORDS(2, 22) 36
QUBIT_COORDS(2, 24) 37
QUBIT_COORDS(3, 1) 38
QUBIT_COORDS(3, 3) 39
QUBIT_COORDS(3, 5) 40
QUBIT_COORDS(3, 7) 41
QUBIT_COORDS(3, 9) 42
QUBIT_COORDS(3, 11) 43
QUBIT_COORDS(3, 13) 44
QUBIT_COORDS(3, 15) 45
QUBIT_COORDS(3, 17) 46
QUBIT_COORDS(3, 19) 47
QUBIT_COORDS(3, 21) 48
QUBIT_COORDS(3, 23) 49
QUBIT_COORDS(4, 0) 50
QUBIT_COORDS(4, 2) 51
QUBIT_COORDS(4, 4) 52
QUBIT_COORDS(4, 6) 53
QUBIT_COORDS(4, 8) 54
QUBIT_COORDS(4, 10) 55
QUBIT_COORDS(4, 12) 56
QUBIT_COORDS(4, 14) 57
QUBIT_COORDS(4, 16) 58
QUBIT_COORDS(4, 18) 59
QUBIT_COORDS(4, 20) 60
QUBIT_COORDS(4, 22) 61
QUBIT_COORDS(4, 24) 62
QUBIT_COORDS(5, 1) 63
QUBIT_COORDS(5, 3) 64
QUBIT_COORDS(5, 5) 65
QUBIT_COORDS(5, 7) 66
QUBIT_COORDS(5, 9) 67
QUBIT_COORDS(5, 11) 68
QUBIT_COORDS(5, 13) 69
QUBIT_COORDS(5, 15) 70
QUBIT_COORDS(5, 17) 71
QUBIT_COORDS(5, 19) 72
QUBIT_COORDS(5, 21) 73
QUBIT_COORDS(5, 23) 74
QUBIT_COORDS(6, 0) 75
QUBIT_COORDS(6, 2) 76
QUBIT_COORDS(6, 4) 77
QUBIT_COORDS(6, 6) 78
QUBIT_COORDS(6, 8) 79
QUBIT_COORDS(6, 10) 80
QUBIT_COORDS(6, 12) 81
QUBIT_COORDS(6, 14) 82
QUBIT_COORDS(6, 16) 83
QUBIT_COORDS(6, 18) 84
QUBIT_COORDS(6, 20) 85
QUBIT_COORDS(6, 22) 86
QUBIT_COORDS(6, 24) 87
QUBIT_COORDS(7, 1) 88
QUBIT_COORDS(7, 3) 89
QUBIT_COORDS(7, 5) 90
QUBIT_COORDS(7, 7) 91
QUBIT_COORDS(7, 9) 92
QUBIT_COORDS(7, 11) 93
QUBIT_COORDS(7, 13) 94
QUBIT_COORDS(7, 15) 95
QUBIT_COORDS(7, 17) 96
QUBIT_COORDS(7, 19) 97
QUBIT_COORDS(7, 21) 98
QUBIT_COORDS(7, 23) 99
QUBIT_COORDS(8, 0) 100
QUBIT_COORDS(8, 2) 101
QUBIT_COORDS(8, 4) 102
QUBIT_COORDS(8, 6) 103
QUBIT_COORDS(8, 8) 104
QUBIT_COORDS(8, 10) 105
QUBIT_COORDS(8, 12) 106
QUBIT_COORDS(8, 14) 107
QUBIT_COORDS(8, 16) 108
QUBIT_COORDS(8, 18) 109
QUBIT_COORDS(8, 20) 110
QUBIT_COORDS(8, 22) 111
QUBIT_COORDS(8, 24) 112
QUBIT_COORDS(9, 1) 113
QUBIT_COORDS(9, 3) 114
QUBIT_COORDS(9, 5) 115
QUBIT_COORDS(9, 7) 116
QUBIT_COORDS(9, 9) 117
QUBIT_COORDS(9, 11) 118
QUBIT_COORDS(9, 13) 119
QUBIT_COORDS(9, 15) 120
QUBIT_COORDS(9, 17) 121
QUBIT_COORDS(9, 19) 122
QUBIT_COORDS(9, 21) 123
QUBIT_COORDS(9, 23) 124
QUBIT_COORDS(10, 0) 125
QUBIT_COORDS(10, 2) 126
QUBIT_COORDS(10, 4) 127
QUBIT_COORDS(10, 6) 128
QUBIT_COORDS(10, 8) 129
QUBIT_COORDS(10, 10) 130
QUBIT_COORDS(10, 12) 131
QUBIT_COORDS(10, 14) 132
QUBIT_COORDS(10, 16) 133
QUBIT_COORDS(10, 18) 134
QUBIT_COORDS(10, 20) 135
QUBIT_COORDS(10, 22) 136
QUBIT_COORDS(10, 24) 137
QUBIT_COORDS(11, 1) 138
QUBIT_COORDS(11, 3) 139
QUBIT_COORDS(11, 5) 140
QUBIT_COORDS(11, 7) 141
QUBIT_COORDS(11, 9) 142
QUBIT_COORDS(11, 11) 143
QUBIT_COORDS(11, 13) 144
QUBIT_COORDS(11, 15) 145
QUBIT_COORDS(11, 17) 146
QUBIT_COORDS(11, 19) 147
QUBIT_COORDS(11, 21) 148
QUBIT_COORDS(11, 23) 149
QUBIT_COORDS(12, 0) 150
QUBIT_COORDS(12, 2) 151
QUBIT_COORDS(12, 4) 152
QUBIT_COORDS(12, 6) 153
QUBIT_COORDS(12, 8) 154
QUBIT_COORDS(12, 10) 155
QUBIT_COORDS(12, 12) 156
QUBIT_COORDS(12, 14) 157
QUBIT_COORDS(12, 16) 158
QUBIT_COORDS(12, 18) 159
QUBIT_COORDS(12, 20) 160
QUBIT_COORDS(12, 22) 161
QUBIT_COORDS(12, 24) 162
QUBIT_COORDS(13, 1) 163
QUBIT_COORDS(13, 3) 164
QUBIT_COORDS(13, 5) 165
QUBIT_COORDS(13, 7) 166
QUBIT_COORDS(13, 9) 167
QUBIT_COORDS(13, 11) 168
QUBIT_COORDS(13, 13) 169
QUBIT_COORDS(13, 15) 170
QUBIT_COORDS(13, 17) 171
QUBIT_COORDS(13, 19) 172
QUBIT_COORDS(13, 21) 173
QUBIT_COORDS(13, 23) 174
QUBIT_COORDS(14, 0) 175
QUBIT_COORDS(14, 2) 176
QUBIT_COORDS(14, 4) 177
QUBIT_COORDS(14, 6) 178
QUBIT_COORDS(14, 8) 179
QUBIT_COORDS(14, 10) 180
QUBIT_COORDS(14, 12) 181
QUBIT_COORDS(14, 14) 182
QUBIT_COORDS(14, 16) 183
QUBIT_COORDS(14, 18) 184
QUBIT_COORDS(14, 20) 185
QUBIT_COORDS(14, 22) 186
QUBIT_COORDS(14, 24) 187
QUBIT_COORDS(15, 1) 188
QUBIT_COORDS(15, 3) 189
QUBIT_COORDS(15, 5) 190
QUBIT_COORDS(15, 7) 191
QUBIT_COORDS(15, 9) 192
QUBIT_COORDS(15, 11) 193
QUBIT_COORDS(15, 13) 194
QUBIT_COORDS(15, 15) 195
QUBIT_COORDS(15, 17) 196
QUBIT_COORDS(15, 19) 197
QUBIT_COORDS(15, 21) 198
QUBIT_COORDS(15, 23) 199
QUBIT_COORDS(16, 0) 200
QUBIT_COORDS(16, 2) 201
QUBIT_COORDS(16, 4) 202
QUBIT_COORDS(16, 6) 203
QUBIT_COORDS(16, 8) 204
QUBIT_COORDS(16, 10) 205
QUBIT_COORDS(16, 12) 206
QUBIT_COORDS(16, 14) 207
QUBIT_COORDS(16, 16) 208
QUBIT_COORDS(16, 18) 209
QUBIT_COORDS(16, 20) 210
QUBIT_COORDS(16, 22) 211
QUBIT_COORDS(16, 24) 212
QUBIT_COORDS(17, 1) 213
QUBIT_COORDS(17, 3) 214
QUBIT_COORDS(17, 5) 215
QUBIT_COORDS(17, 7) 216
QUBIT_COORDS(17, 9) 217
QUBIT_COORDS(17, 11) 218
QUBIT_COORDS(17, 13) 219
QUBIT_COORDS(17, 15) 220
QUBIT_COORDS(17, 17) 221
QUBIT_COORDS(17, 19) 222
QUBIT_COORDS(17, 21) 223
QUBIT_COORDS(17, 23) 224
QUBIT_COORDS(18, 0) 225
QUBIT_COORDS(18, 2) 226
QUBIT_COORDS(18, 4) 227
QUBIT_COORDS(18, 6) 228
QUBIT_COORDS(18, 8) 229
QUBIT_COORDS(18, 10) 230
QUBIT_COORDS(18, 12) 231
QUBIT_COORDS(18, 14) 232
QUBIT_COORDS(18, 16) 233
QUBIT_COORDS(18, 18) 234
QUBIT_COORDS(18, 20) 235
QUBIT_COORDS(18, 22) 236
QUBIT_COORDS(18, 24) 237
QUBIT_COORDS(19, 1) 238
QUBIT_COORDS(19, 3) 239
QUBIT_COORDS(19, 5) 240
QUBIT_COORDS(19, 7) 241
QUBIT_COORDS(19, 9) 242
QUBIT_COORDS(19, 11) 243
QUBIT_COORDS(19, 13) 244
QUBIT_COORDS(19, 15) 245
QUBIT_COORDS(19, 17) 246
QUBIT_COORDS(19, 19) 247
QUBIT_COORDS(19, 21) 248
QUBIT_COORDS(19, 23) 249
QUBIT_COORDS(20, 0) 250
QUBIT_COORDS(20, 2) 251
QUBIT_COORDS(20, 4) 252
QUBIT_COORDS(20, 6) 253
QUBIT_COORDS(20, 8) 254
QUBIT_COORDS(20, 10) 255
QUBIT_COORDS(20, 12) 256
QUBIT_COORDS(20, 14) 257
QUBIT_COORDS(20, 16) 258
QUBIT_COORDS(20, 18) 259
QUBIT_COORDS(20, 20) 260
QUBIT_COORDS(20, 22) 261
QUBIT_COORDS(20, 24) 262
QUBIT_COORDS(21, 1) 263
QUBIT_COORDS(21, 3) 264
QUBIT_COORDS(21, 5) 265
QUBIT_COORDS(21, 7) 266
QUBIT_COORDS(21, 9) 267
QUBIT_COORDS(21, 11) 268
QUBIT_COORDS(21, 13) 269
QUBIT_COORDS(21, 15) 270
QUBIT_COORDS(21, 17) 271
QUBIT_COORDS(21, 19) 272
QUBIT_COORDS(21, 21) 273
QUBIT_COORDS(21, 23) 274
QUBIT_COORDS(22, 0) 275
QUBIT_COORDS(22, 2) 276
QUBIT_COORDS(22, 4) 277
QUBIT_COORDS(22, 6) 278
QUBIT_COORDS(22, 8) 279
QUBIT_COORDS(22, 10) 280
QUBIT_COORDS(22, 12) 281
QUBIT_COORDS(22, 14) 282
QUBIT_COORDS(22, 16) 283
QUBIT_COORDS(22, 18) 284
QUBIT_COORDS(22, 20) 285
QUBIT_COORDS(22, 22) 286
QUBIT_COORDS(22, 24) 287
QUBIT_COORDS(23, 1) 288
QUBIT_COORDS(23, 3) 289
QUBIT_COORDS(23, 5) 290
QUBIT_COORDS(23, 7) 291
QUBIT_COORDS(23, 9) 292
QUBIT_COORDS(23, 11) 293
QUBIT_COORDS(23, 13) 294
QUBIT_COORDS(23, 15) 295
QUBIT_COORDS(23, 17) 296
QUBIT_COORDS(23, 19) 297
QUBIT_COORDS(23, 21) 298
QUBIT_COORDS(23, 23) 299
QUBIT_COORDS(24, 0) 300
QUBIT_COORDS(24, 2) 301
QUBIT_COORDS(24, 4) 302
QUBIT_COORDS(24, 6) 303
QUBIT_COORDS(24, 8) 304
QUBIT_COORDS(24, 10) 305
QUBIT_COORDS(24, 12) 306
QUBIT_COORDS(24, 14) 307
QUBIT_COORDS(24, 16) 308
QUBIT_COORDS(24, 18) 309
QUBIT_COORDS(24, 20) 310
QUBIT_COORDS(24, 22) 311
QUBIT_COORDS(24, 24) 312
QUBIT_COORDS(0, 1) 313
QUBIT_COORDS(0, 3) 314
QUBIT_COORDS(0, 5) 315
QUBIT_COORDS(0, 7) 316
QUBIT_COORDS(0, 9) 317
QUBIT_COORDS(0, 11) 318
QUBIT_COORDS(0, 13) 319
QUBIT_COORDS(0, 15) 320
QUBIT_COORDS(0, 17) 321
QUBIT_COORDS(0, 19) 322
QUBIT_COORDS(0, 21) 323
QUBIT_COORDS(0, 23) 324
QUBIT_COORDS(2, 1) 325
QUBIT_COORDS(2, 3) 326
QUBIT_COORDS(2, 5) 327
QUBIT_COORDS(2, 7) 328
QUBIT_COORDS(2, 9) 329
QUBIT_COORDS(2, 11) 330
QUBIT_COORDS(2, 13) 331
QUBIT_COORDS(2, 15) 332
QUBIT_COORDS(2, 17) 333
QUBIT_COORDS(2, 19) 334
QUBIT_COORDS(2, 21) 335
QUBIT_COORDS(2, 23) 336
QUBIT_COORDS(4, 1) 337
QUBIT_COORDS(4, 3) 338
QUBIT_COORDS(4, 5) 339
QUBIT_COORDS(4, 7) 340
QUBIT_COORDS(4, 9) 341
QUBIT_COORDS(4, 11) 342
QUBIT_COORDS(4, 13) 343
QUBIT_COORDS(4, 15) 344
QUBIT_COORDS(4, 17) 345
QUBIT_COORDS(4, 19) 346
QUBIT_COORDS(4, 21) 347
QUBIT_COORDS(4, 23) 348
QUBIT_COORDS(6, 1) 349
QUBIT_COORDS(6, 3) 350
QUBIT_COORDS(6, 5) 351
QUBIT_COORDS(6, 7) 352
QUBIT_COORDS(6, 9) 353
QUBIT_COORDS(6, 11) 354
QUBIT_COORDS(6, 13) 355
QUBIT_COORDS(6, 15) 356
QUBIT_COORDS(6, 17) 357
QUBIT_COORDS(6, 19) 358
QUBIT_COORDS(6, 21) 359
QUBIT_COORDS(6, 23) 360
QUBIT_COORDS(8, 1) 361
QUBIT_COORDS(8, 3) 362
QUBIT_COORDS(8, 5) 363
QUBIT_COORDS(8, 7) 364
QUBIT_COORDS(8, 9) 365
QUBIT_COORDS(8, 11) 366
QUBIT_COORDS(8, 13) 367
QUBIT_COORDS(8, 15) 368
QUBIT_COORDS(8, 17) 369
QUBIT_COORDS(8, 19) 370
QUBIT_COORDS(8, 21) 371
QUBIT_COORDS(8, 23) 372
QUBIT_COORDS(10, 1) 373
QUBIT_COORDS(10, 3) 374
QUBIT_COORDS(10, 5) 375
QUBIT_COORDS(10, 7) 376
QUBIT_COORDS(10, 9) 377
QUBIT_COORDS(10, 11) 378
QUBIT_COORDS(10, 13) 379
QUBIT_COORDS(10, 15) 380
QUBIT_COORDS(10, 17) 381
QUBIT_COORDS(10, 19) 382
QUBIT_COORDS(10, 21) 383
QUBIT_COORDS(10, 23) 384
QUBIT_COORDS(12, 1) 385
QUBIT_COORDS(12, 3) 386
QUBIT_COORDS(12, 5) 387
QUBIT_COORDS(12, 7) 388
QUBIT_COORDS(12, 9) 389
QUBIT_COORDS(12, 11) 390
QUBIT_COORDS(12, 13) 391
QUBIT_COORDS(12, 15) 392
QUBIT_COORDS(12, 17) 393
QUBIT_COORDS(12, 19) 394
QUBIT_COORDS(12, 21) 395
QUBIT_COORDS(12, 23) 396
QUBIT_COORDS(14, 1) 397
QUBIT_COORDS(14, 3) 398
QUBIT_COORDS(14, 5) 399
QUBIT_COORDS(14, 7) 400
QUBIT_COORDS(14, 9) 401
QUBIT_COORDS(14, 11) 402
QUBIT_COORDS(14, 13) 403
QUBIT_COORDS(14, 15) 404
QUBIT_COORDS(14, 17) 405
QUBIT_COORDS(14, 19) 406
QUBIT_COORDS(14, 21) 407
QUBIT_COORDS(14, 23) 408
QUBIT_COORDS(16, 1) 409
QUBIT_COORDS(16, 3) 410
QUBIT_COORDS(16, 5) 411
QUBIT_COORDS(16, 7) 412
QUBIT_COORDS(16, 9) 413
QUBIT_COORDS(16, 11) 414
QUBIT_COORDS(16, 13) 415
QUBIT_COORDS(16, 15) 416
QUBIT_COORDS(16, 17) 417
QUBIT_COORDS(16, 19) 418
QUBIT_COORDS(16, 21) 419
QUBIT_COORDS(16, 23) 420
QUBIT_COORDS(18, 1) 421
QUBIT_COORDS(18, 3) 422
QUBIT_COORDS(18, 5) 423
QUBIT_COORDS(18, 7) 424
QUBIT_COORDS(18, 9) 425
QUBIT_COORDS(18, 11) 426
QUBIT_COORDS(18, 13) 427
QUBIT_COORDS(18, 15) 428
QUBIT_COORDS(18, 17) 429
QUBIT_COORDS(18, 19) 430
QUBIT_COORDS(18, 21) 431
QUBIT_COORDS(18, 23) 432
QUBIT_COORDS(20, 1) 433
QUBIT_COORDS(20, 3) 434
QUBIT_COORDS(20, 5) 435
QUBIT_COORDS(20, 7) 436
QUBIT_COORDS(20, 9) 437
QUBIT_COORDS(20, 11) 438
QUBIT_COORDS(20, 13) 439
QUBIT_COORDS(20, 15) 440
QUBIT_COORDS(20, 17) 441
QUBIT_COORDS(20, 19) 442
QUBIT_COORDS(20, 21) 443
QUBIT_COORDS(20, 23) 444
QUBIT_COORDS(22, 1) 445
QUBIT_COORDS(22, 3) 446
QUBIT_COORDS(22, 5) 447
QUBIT_COORDS(22, 7) 448
QUBIT_COORDS(22, 9) 449
QUBIT_COORDS(22, 11) 450
QUBIT_COORDS(22, 13) 451
QUBIT_COORDS(22, 15) 452
QUBIT_COORDS(22, 17) 453
QUBIT_COORDS(22, 19) 454
QUBIT_COORDS(22, 21) 455
QUBIT_COORDS(22, 23) 456
QUBIT_COORDS(24, 1) 457
QUBIT_COORDS(24, 3) 458
QUBIT_COORDS(24, 5) 459
QUBIT_COORDS(24, 7) 460
QUBIT_COORDS(24, 9) 461
QUBIT_COORDS(24, 11) 462
QUBIT_COORDS(24, 13) 463
QUBIT_COORDS(24, 15) 464
QUBIT_COORDS(24, 17) 465
QUBIT_COORDS(24, 19) 466
QUBIT_COORDS(24, 21) 467
QUBIT_COORDS(24, 23) 468
QUBIT_COORDS(1, 0) 469
QUBIT_COORDS(1, 2) 470
QUBIT_COORDS(1, 4) 471
QUBIT_COORDS(1, 6) 472
QUBIT_COORDS(1, 8) 473
QUBIT_COORDS(1, 10) 474
QUBIT_COORDS(1, 12) 475
QUBIT_COORDS(1, 14) 476
QUBIT_COORDS(1, 16) 477
QUBIT_COORDS(1, 18) 478
QUBIT_COORDS(1, 20) 479
QUBIT_COORDS(1, 22) 480
QUBIT_COORDS(1, 24) 481
QUBIT_COORDS(3, 0) 482
QUBIT_COORDS(3, 2) 483
QUBIT_COORDS(3, 4) 484
QUBIT_COORDS(3, 6) 485
QUBIT_COORDS(3, 8) 486
QUBIT_COORDS(3, 10) 487
QUBIT_COORDS(3, 12) 488
QUBIT_COORDS(3, 14) 489
QUBIT_COORDS(3, 16) 490
QUBIT_COORDS(3, 18) 491
QUBIT_COORDS(3, 20) 492
QUBIT_COORDS(3, 22) 493
QUBIT_COORDS(3, 24) 494
QUBIT_COORDS(5, 0) 495
QUBIT_COORDS(5, 2) 496
QUBIT_COORDS(5, 4) 497
QUBIT_COORDS(5, 6) 498
QUBIT_COORDS(5, 8) 499
QUBIT_COORDS(5, 10) 500
QUBIT_COORDS(5, 12) 501
QUBIT_COORDS(5, 14) 502
QUBIT_COORDS(5, 16) 503
QUBIT_COORDS(5, 18) 504
QUBIT_COORDS(5, 20) 505
QUBIT_COORDS(5, 22) 506
QUBIT_COORDS(5, 24) 507
QUBIT_COORDS(7, 0) 508
QUBIT_COORDS(7, 2) 509
QUBIT_COORDS(7, 4) 510
QUBIT_COORDS(7, 6) 511
QUBIT_COORDS(7, 8) 512
QUBIT_COORDS(7, 10) 513
QUBIT_COORDS(7, 12) 514
QUBIT_COORDS(7, 14) 515
QUBIT_COORDS(7, 16) 516
QUBIT_COORDS(7, 18) 517
QUBIT_COORDS(7, 20) 518
QUBIT_COORDS(7, 22) 519
QUBIT_COORDS(7, 24) 520
QUBIT_COORDS(9, 0) 521
QUBIT_COORDS(9, 2) 522
QUBIT_COORDS(9, 4) 523
QUBIT_COORDS(9, 6) 524
QUBIT_COORDS(9, 8) 525
QUBIT_COORDS(9, 10) 526
QUBIT_COORDS(9, 12) 527
QUBIT_COORDS(9, 14) 528
QUBIT_COORDS(9, 16) 529
QUBIT_COORDS(9, 18) 530
QUBIT_COORDS(9, 20) 531
QUBIT_COORDS(9, 22) 532
QUBIT_COORDS(9, 24) 533
QUBIT_COORDS(11, 0) 534
QUBIT_COORDS(11, 2) 535
QUBIT_COORDS(11, 4) 536
QUBIT_COORDS(11, 6) 537
QUBIT_COORDS(11, 8) 538
QUBIT_COORDS(11, 10) 539
QUBIT_COORDS(11, 12) 540
QUBIT_COORDS(11, 14) 541
QUBIT_COORDS(11, 16) 542
QUBIT_COORDS(11, 18) 543
QUBIT_COORDS(11, 20) 544
QUBIT_COORDS(11, 22) 545
QUBIT_COORDS(11, 24) 546
QUBIT_COORDS(13, 0) 547
QUBIT_COORDS(13, 2) 548
QUBIT_COORDS(13, 4) 549
QUBIT_COORDS(13, 6) 550
QUBIT_COORDS(13, 8) 551
QUBIT_COORDS(13, 10) 552
QUBIT_COORDS(13, 12) 553
QUBIT_COORDS(13, 14) 554
QUBIT_COORDS(13, 16) 555
QUBIT_COORDS(13, 18) 556
QUBIT_COORDS(13, 20) 557
QUBIT_COORDS(13, 22) 558
QUBIT_COORDS(13, 24) 559
QUBIT_COORDS(15, 0) 560
QUBIT_COORDS(15, 2) 561
QUBIT_COORDS(15, 4) 562
QUBIT_COORDS(15, 6) 563
QUBIT_COORDS(15, 8) 564
QUBIT_COORDS(15, 10) 565
QUBIT_COORDS(15, 12) 566
QUBIT_COORDS(15, 14) 567
QUBIT_COORDS(15, 16) 568
QUBIT_COORDS(15, 18) 569
QUBIT_COORDS(15, 20) 570
QUBIT_COORDS(15, 22) 571
QUBIT_COORDS(15, 24) 572
QUBIT_COORDS(17, 0) 573
QUBIT_COORDS(17, 2) 574
QUBIT_COORDS(17, 4) 575
QUBIT_COORDS(17, 6) 576
QUBIT_COORDS(17, 8) 577
QUBIT_COORDS(17, 10) 578
QUBIT_COORDS(17, 12) 579
QUBIT_COORDS(17, 14) 580
QUBIT_COORDS(17, 16) 581
QUBIT_COORDS(17, 18) 582
QUBIT_COORDS(17, 20) 583
QUBIT_COORDS(17, 22) 584
QUBIT_COORDS(17, 24) 585
QUBIT_COORDS(19, 0) 586
QUBIT_COORDS(19, 2) 587
QUBIT_COORDS(19, 4) 588
QUBIT_COORDS(19, 6) 589
QUBIT_COORDS(19, 8) 590
QUBIT_COORDS(19, 10) 591
QUBIT_COORDS(19, 12) 592
QUBIT_COORDS(19, 14) 593
QUBIT_COORDS(19, 16) 594
QUBIT_COORDS(19, 18) 595
QUBIT_COORDS(19, 20) 596
QUBIT_COORDS(19, 22) 597
QUBIT_COORDS(19, 24) 598
QUBIT_COORDS(21, 0) 599
QUBIT_COORDS(21, 2) 600
QUBIT_COORDS(21, 4) 601
QUBIT_COORDS(21, 6) 602
QUBIT_COORDS(21, 8) 603
QUBIT_COORDS(21, 10) 604
QUBIT_COORDS(21, 12) 605
QUBIT_COORDS(21, 14) 606
QUBIT_COORDS(21, 16) 607
QUBIT_COORDS(21, 18) 608
QUBIT_COORDS(21, 20) 609
QUBIT_COORDS(21, 22) 610
QUBIT_COORDS(21, 24) 611
QUBIT_COORDS(23, 0) 612
QUBIT_COORDS(23, 2) 613
QUBIT_COORDS(23, 4) 614
QUBIT_COORDS(23, 6) 615
QUBIT_COORDS(23, 8) 616
QUBIT_COORDS(23, 10) 617
QUBIT_COORDS(23, 12) 618
QUBIT_COORDS(23, 14) 619
QUBIT_COORDS(23, 16) 620
QUBIT_COORDS(23, 18) 621
QUBIT_COORDS(23, 20) 622
QUBIT_COORDS(23, 22) 623
QUBIT_COORDS(23, 24) 624
R 0 1 2 3 4 5 6 7 8 9 10 11 12 13 14 15 16 17 18 19 20 21 22 23 24 25 26 27 28 29 30 31 32 33 34 35 36 37 38 39 40 41 42 43 44 45 46 47 48 49 50 51 52 53 54 55 56 57 58 59 60 61 62 63 64 65 66 67 68 69 70 71 72 73 74 75 76 77 78 79 80 81 82 83 84 85 86 87 88 89 90 91 92 93 94 95 96 97 98 99 100 101 102 103 104 105 106 107 108 109 110 111 112 113 114 115 116 117 118 119 120 121 122 123 124 125 126 127 128 129 130 131 132 133 134 135 136 137 138 139 140 141 142 143 144 145 146 147 148 149 150 151 152 153 154 155 156 157 158 159 160 161 162 163 164 165 166 167 168 169 170 171 172 173 174 175 176 177 178 179 180 181 182 183 184 185 186 187 188 189 190 191 192 193 194 195 196 197 198 199 200 201 202 203 204 205 206 207 208 209 210 211 212 213 214 215 216 217 218 219 220 221 222 223 224 225 226 227 228 229 230 231 232 233 234 235 236 237 238 239 240 241 242 243 244 245 246 247 248 249 250 251 252 253 254 255 256 257 258 259 260 261 262 263 264 265 266 267 268 269 270 271 272 273 274 275 276 277 278 279 280 281 282 283 284 285 286 287 288 289 290 291 292 293 294 295 296 297 298 299 300 301 302 303 304 305 306 307 308 309 310 311 312 469 470 471 472 473 474 475 476 477 478 479 480 481 482 483 484 485 486 487 488 489 490 491 492 493 494 495 496 497 498 499 500 501 502 503 504 505 506 507 508 509 510 511 512 513 514 515 516 517 518 519 520 521 522 523 524 525 526 527 528 529 530 531 532 533 534 535 536 537 538 539 540 541 542 543 544 545 546 547 548 549 550 551 552 553 554 555 556 557 558 559 560 561 562 563 564 565 566 567 568 569 570 571 572 573 574 575 576 577 578 579 580 581 582 583 584 585 586 587 588 589 590 591 592 593 594 595 596 597 598 599 600 601 602 603 604 605 606 607 608 609 610 611 612 613 614 615 616 617 618 619 620 621 622 623 624
X_ERROR(0.02) 0 1 2 3 4 5 6 7 8 9 10 11 12 13 14 15 16 17 18 19 20 21 22 23 24 25 26 27 28 29 30 31 32 33 34 35 36 37 38 39 40 41 42 43 44 45 46 47 48 49 50 51 52 53 54 55 56 57 58 59 60 61 62 63 64 65 66 67 68 69 70 71 72 73 74 75 76 77 78 79 80 81 82 83 84 85 86 87 88 89 90 91 92 93 94 95 96 97 98 99 100 101 102 103 104 105 106 107 108 109 110 111 112 113 114 115 116 117 118 119 120 121 122 123 124 125 126 127 128 129 130 131 132 133 134 135 136 137 138 139 140 141 142 143 144 145 146 147 148 149 150 151 152 153 154 155 156 157 158 159 160 161 162 163 164 165 166 167 168 169 170 171 172 173 174 175 176 177 178 179 180 181 182 183 184 185 186 187 188 189 190 191 192 193 194 195 196 197 198 199 200 201 202 203 204 205 206 207 208 209 210 211 212 213 214 215 216 217 218 219 220 221 222 223 224 225 226 227 228 229 230 231 232 233 234 235 236 237 238 239 240 241 242 243 244 245 246 247 248 249 250 251 252 253 254 255 256 257 258 259 260 261 262 263 264 265 266 267 268 269 270 271 272 273 274 275 276 277 278 279 280 281 282 283 284 285 286 287 288 289 290 291 292 293 294 295 296 297 298 299 300 301 302 303 304 305 306 307 308 309 310 311 312 469 470 471 472 473 474 475 476 477 478 479 480 481 482 483 484 485 486 487 488 489 490 491 492 493 494 495 496 497 498 499 500 501 502 503 504 505 506 507 508 509 510 511 512 513 514 515 516 517 518 519 520 521 522 523 524 525 526 527 528 529 530 531 532 533 534 535 536 537 538 539 540 541 542 543 544 545 546 547 548 549 550 551 552 553 554 555 556 557 558 559 560 561 562 563 564 565 566 567 568 569 570 571 572 573 574 575 576 577 578 579 580 581 582 583 584 585 586 587 588 589 590 591 592 593 594 595 596 597 598 599 600 601 602 603 604 605 606 607 608 609 610 611 612 613 614 615 616 617 618 619 620 621 622 623 624
DEPOLARIZE1(0.001) 313 314 315 316 317 318 319 320 321 322 323 324 325 326 327 328 329 330 331 332 333 334 335 336 337 338 339 340 341 342 343 344 345 346 347 348 349 350 351 352 353 354 355 356 357 358 359 360 361 362 363 364 365 366 367 368 369 370 371 372 373 374 375 376 377 378 379 380 381 382 383 384 385 386 387 388 389 390 391 392 393 394 395 396 397 398 399 400 401 402 403 404 405 406 407 408 409 410 411 412 413 414 415 416 417 418 419 420 421 422 423 424 425 426 427 428 429 430 431 432 433 434 435 436 437 438 439 440 441 442 443 444 445 446 447 448 449 450 451 452 453 454 455 456 457 458 459 460 461 462 463 464 465 466 467 468
TICK
H 0 1 2 3 4 5 6 7 8 9 10 11 12 13 14 15 16 17 18 19 20 21 22 23 24 25 26 27 28 29 30 31 32 33 34 35 36 37 38 39 40 41 42 43 44 45 46 47 48 49 50 51 52 53 54 55 56 57 58 59 60 61 62 63 64 65 66 67 68 69 70 71 72 73 74 75 76 77 78 79 80 81 82 83 84 85 86 87 88 89 90 91 92 93 94 95 96 97 98 99 100 101 102 103 104 105 106 107 108 109 110 111 112 113 114 115 116 117 118 119 120 121 122 123 124 125 126 127 128 129 130 131 132 133 134 135 136 137 138 139 140 141 142 143 144 145 146 147 148 149 150 151 152 153 154 155 156 157 158 159 160 161 162 163 164 165 166 167 168 169 170 171 172 173 174 175 176 177 178 179 180 181 182 183 184 185 186 187 188 189 190 191 192 193 194 195 196 197 198 199 200 201 202 203 204 205 206 207 208 209 210 211 212 213 214 215 216 217 218 219 220 221 222 223 224 225 226 227 228 229 230 231 232 233 234 235 236 237 238 239 240 241 242 243 244 245 246 247 248 249 250 251 252 253 254 255 256 257 258 259 260 261 262 263 264 265 266 267 268 269 270 271 272 273 274 275 276 277 278 279 280 281 282 283 284 285 286 287 288 289 290 291 292 293 294 295 296 297 298 299 300 301 302 303 304 305 306 307 308 309 310 311 312 469 470 471 472 473 474 475 476 477 478 479 480 481 482 483 484 485 486 487 488 489 490 491 492 493 494 495 496 497 498 499 500 501 502 503 504 505 506 507 508 509 510 511 512 513 514 515 516 517 518 519 520 521 522 523 524 525 526 527 528 529 530 531 532 533 534 535 536 537 538 539 540 541 542 543 544 545 546 547 548 549 550 551 552 553 554 555 556 557 558 559 560 561 562 563 564 565 566 567 568 569 570 571 572 573 574 575 576 577 578 579 580 581 582 583 584 585 586 587 588 589 590 591 592 593 594 595 596 597 598 599 600 601 602 603 604 605 606 607 608 609 610 611 612 613 614 615 616 617 618 619 620 621 622 623 624
DEPOLARIZE1(0.001) 0 1 2 3 4 5 6 7 8 9 10 11 12 13 14 15 16 17 18 19 20 21 22 23 24 25 26 27 28 29 30 31 32 33 34 35 36 37 38 39 40 41 42 43 44 45 46 47 48 49 50 51 52 53 54 55 56 57 58 59 60 61 62 63 64 65 66 67 68 69 70 71 72 73 74 75 76 77 78 79 80 81 82 83 84 85 86 87 88 89 90 91 92 93 94 95 96 97 98 99 100 101 102 103 104 105 106 107 108 109 110 111 112 113 114 115 116 117 118 119 120 121 122 123 124 125 126 127 128 129 130 131 132 133 134 135 136 137 138 139 140 141 142 143 144 145 146 147 148 149 150 151 152 153 154 155 156 157 158 159 160 161 162 163 164 165 166 167 168 169 170 171 172 173 174 175 176 177 178 179 180 181 182 183 184 185 186 187 188 189 190 191 192 193 194 195 196 197 198 199 200 201 202 203 204 205 206 207 208 209 210 211 212 213 214 215 216 217 218 219 220 221 222 223 224 225 226 227 228 229 230 231 232 233 234 235 236 237 238 239 240 241 242 243 244 245 246 247 248 249 250 251 252 253 254 255 256 257 258 259 260 261 262 263 264 265 266 267 268 269 270 271 272 273 274 275 276 277 278 279 280 281 282 283 284 285 286 287 288 289 290 291 292 293 294 295 296 297 298 299 300 301 302 303 304 305 306 307 308 309 310 311 312 469 470 471 472 473 474 475 476 477 478 479 480 481 482 483 484 485 486 487 488 489 490 491 492 493 494 495 496 497 498 499 500 501 502 503 504 505 506 507 508 509 510 511 512 513 514 515 516 517 518 519 520 521 522 523 524 525 526 527 528 529 530 531 532 533 534 535 536 537 538 539 540 541 542 543 544 545 546 547 548 549 550 551 552 553 554 555 556 557 558 559 560 561 562 563 564 565 566 567 568 569 570 571 572 573 574 575 576 577 578 579 580 581 582 583 584 585 586 587 588 589 590 591 592 593 594 595 596 597 598 599 600 601 602 603 604 605 606 607 608 609 610 611 612 613 614 615 616 617 618 619 620 621 622 623 624 313 314 315 316 317 318 319 320 321 322 323 324 325 326 327 328 329 330 331 332 333 334 335 336 337 338 339 340 341 342 343 344 345 346 347 348 349 350 351 352 353 354 355 356 357 358 359 360 361 362 363 364 365 366 367 368 369 370 371 372 373 374 375 376 377 378 379 380 381 382 383 384 385 386 387 388 389 390 391 392 393 394 395 396 397 398 399 400 401 402 403 404 405 406 407 408 409 410 411 412 413 414 415 416 417 418 419 420 421 422 423 424 425 426 427 428 429 430 431 432 433 434 435 436 437 438 439 440 441 442 443 444 445 446 447 448 449 450 451 452 453 454 455 456 457 458 459 460 461 462 463 464 465 466 467 468
TICK
CZ 469 25 470 26 471 27 472 28 473 29 474 30 475 31 476 32 477 33 478 34 479 35 480 36 481 37 482 50 483 51 484 52 485 53 486 54 487 55 488 56 489 57 490 58 491 59 492 60 493 61 494 62 495 75 496 76 497 77 498 78 499 79 500 80 501 81 502 82 503 83 504 84 505 85 506 86 507 87 508 100 509 101 510 102 511 103 512 104 513 105 514 106 515 107 516 108 517 109 518 110 519 111 520 112 521 125 522 126 523 127 524 128 525 129 526 130 527 131 528 132 529 133 530 134 531 135 532 136 533 137 534 150 535 151 536 152 537 153 538 154 539 155 540 156 541 157 542 158 543 159 544 160 545 161 546 162 547 175 548 176 549 177 550 178 551 179 552 180 553 181 554 182 555 183 556 184 557 185 558 186 559 187 560 200 561 201 562 202 563 203 564 204 565 205 566 206 567 207 568 208 569 209 570 210 571 211 572 212 573 225 574 226 575 227 576 228 577 229 578 230 579 231 580 232 581 233 582 234 583 235 584 236 585 237 586 250 587 251 588 252 589 253 590 254 591 255 592 256 593 257 594 258 595 259 596 260 597 261 598 262 599 275 600 276 601 277 602 278 603 279 604 280 605 281 606 282 607 283 608 284 609 285 610 286 611 287 612 300 613 301 614 302 615 303 616 304 617 305 618 306 619 307 620 308 621 309 622 310 623 311 624 312
DEPOLARIZE2(0.01) 469 25 470 26 471 27 472 28 473 29 474 30 475 31 476 32 477 33 478 34 479 35 480 36 481 37 482 50 483 51 484 52 485 53 486 54 487 55 488 56 489 57 490 58 491 59 492 60 493 61 494 62 495 75 496 76 497 77 498 78 499 79 500 80 501 81 502 82 503 83 504 84 505 85 506 86 507 87 508 100 509 101 510 102 511 103 512 104 513 105 514 106 515 107 516 108 517 109 518 110 519 111 520 112 521 125 522 126 523 127 524 128 525 129 526 130 527 131 528 132 529 133 530 134 531 135 532 136 533 137 534 150 535 151 536 152 537 153 538 154 539 155 540 156 541 157 542 158 543 159 544 160 545 161 546 162 547 175 548 176 549 177 550 178 551 179 552 180 553 181 554 182 555 183 556 184 557 185 558 186 559 187 560 200 561 201 562 202 563 203 564 204 565 205 566 206 567 207 568 208 569 209 570 210 571 211 572 212 573 225 574 226 575 227 576 228 577 229 578 230 579 231 580 232 581 233 582 234 583 235 584 236 585 237 586 250 587 251 588 252 589 253 590 254 591 255 592 256 593 257 594 258 595 259 596 260 597 261 598 262 599 275 600 276 601 277 602 278 603 279 604 280 605 281 606 282 607 283 608 284 609 285 610 286 611 287 612 300 613 301 614 302 615 303 616 304 617 305 618 306 619 307 620 308 621 309 622 310 623 311 624 312
DEPOLARIZE1(0.001) 0 1 2 3 4 5 6 7 8 9 10 11 12 13 14 15 16 17 18 19 20 21 22 23 24 38 39 40 41 42 43 44 45 46 47 48 49 63 64 65 66 67 68 69 70 71 72 73 74 88 89 90 91 92 93 94 95 96 97 98 99 113 114 115 116 117 118 119 120 121 122 123 124 138 139 140 141 142 143 144 145 146 147 148 149 163 164 165 166 167 168 169 170 171 172 173 174 188 189 190 191 192 193 194 195 196 197 198 199 213 214 215 216 217 218 219 220 221 222 223 224 238 239 240 241 242 243 244 245 246 247 248 249 263 264 265 266 267 268 269 270 271 272 273 274 288 289 290 291 292 293 294 295 296 297 298 299 313 314 315 316 317 318 319 320 321 322 323 324 325 326 327 328 329 330 331 332 333 334 335 336 337 338 339 340 341 342 343 344 345 346 347 348 349 350 351 352 353 354 355 356 357 358 359 360 361 362 363 364 365 366 367 368 369 370 371 372 373 374 375 376 377 378 379 380 381 382 383 384 385 386 387 388 389 390 391 392 393 394 395 396 397 398 399 400 401 402 403 404 405 406 407 408 409 410 411 412 413 414 415 416 417 418 419 420 421 422 423 424 425 426 427 428 429 430 431 432 433 434 435 436 437 438 439 440 441 442 443 444 445 446 447 448 449 450 451 452 453 454 455 456 457 458 459 460 461 462 463 464 465 466 467 468
TICK
CZ 470 13 471 14 472 15 473 16 474 17 475 18 476 19 477 20 478 21 479 22 480 23 481 24 483 38 484 39 485 40 486 41 487 42 488 43 489 44 490 45 491 46 492 47 493 48 494 49 496 63 497 64 498 65 499 66 500 67 501 68 502 69 503 70 504 71 505 72 506 73 507 74 509 88 510 89 511 90 512 91 513 92 514 93 515 94 516 95 517 96 518 97 519 98 520 99 522 113 523 114 524 115 525 116 526 117 527 118 528 119 529 120 530 121 531 122 532 123 533 124 535 138 536 139 537 140 538 141 539 142 540 143 541 144 542 145 543 146 544 147 545 148 546 149 548 163 549 164 550 165 551 166 552 167 553 168 554 169 555 170 556 171 557 172 558 173 559 174 561 188 562 189 563 190 564 191 565 192 566 193 567 194 568 195 569 196 570 197 571 198 572 199 574 213 575 214 576 215 577 216 578 217 579 218 580 219 581 220 582 221 583 222 584 223 585 224 587 238 588 239 589 240 590 241 591 242 592 243 593 244 594 245 595 246 596 247 597 248 598 249 600 263 601 264 602 265 603 266 604 267 605 268 606 269 607 270 608 271 609 272 610 273 611 274 613 288 614 289 615 290 616 291 617 292 618 293 619 294 620 295 621 296 622 297 623 298 624 299
DEPOLARIZE2(0.01) 470 13 471 14 472 15 473 16 474 17 475 18 476 19 477 20 478 21 479 22 480 23 481 24 483 38 484 39 485 40 486 41 487 42 488 43 489 44 490 45 491 46 492 47 493 48 494 49 496 63 497 64 498 65 499 66 500 67 501 68 502 69 503 70 504 71 505 72 506 73 507 74 509 88 510 89 511 90 512 91 513 92 514 93 515 94 516 95 517 96 518 97 519 98 520 99 522 113 523 114 524 115 525 116 526 117 527 118 528 119 529 120 530 121 531 122 532 123 533 124 535 138 536 139 537 140 538 141 539 142 540 143 541 144 542 145 543 146 544 147 545 148 546 149 548 163 549 164 550 165 551 166 552 167 553 168 554 169 555 170 556 171 557 172 558 173 559 174 561 188 562 189 563 190 564 191 565 192 566 193 567 194 568 195 569 196 570 197 571 198 572 199 574 213 575 214 576 215 577 216 578 217 579 218 580 219 581 220 582 221 583 222 584 223 585 224 587 238 588 239 589 240 590 241 591 242 592 243 593 244 594 245 595 246 596 247 597 248 598 249 600 263 601 264 602 265 603 266 604 267 605 268 606 269 607 270 608 271 609 272 610 273 611 274 613 288 614 289 615 290 616 291 617 292 618 293 619 294 620 295 621 296 622 297 623 298 624 299
DEPOLARIZE1(0.001) 0 1 2 3 4 5 6 7 8 9 10 11 12 25 26 27 28 29 30 31 32 33 34 35 36 37 50 51 52 53 54 55 56 57 58 59 60 61 62 75 76 77 78 79 80 81 82 83 84 85 86 87 100 101 102 103 104 105 106 107 108 109 110 111 112 125 126 127 128 129 130 131 132 133 134 135 136 137 150 151 152 153 154 155 156 157 158 159 160 161 162 175 176 177 178 179 180 181 182 183 184 185 186 187 200 201 202 203 204 205 206 207 208 209 210 211 212 225 226 227 228 229 230 231 232 233 234 235 236 237 250 251 252 253 254 255 256 257 258 259 260 261 262 275 276 277 278 279 280 281 282 283 284 285 286 287 300 301 302 303 304 305 306 307 308 309 310 311 312 313 314 315 316 317 318 319 320 321 322 323 324 325 326 327 328 329 330 331 332 333 334 335 336 337 338 339 340 341 342 343 344 345 346 347 348 349 350 351 352 353 354 355 356 357 358 359 360 361 362 363 364 365 366 367 368 369 370 371 372 373 374 375 376 377 378 379 380 381 382 383 384 385 386 387 388 389 390 391 392 393 394 395 396 397 398 399 400 401 402 403 404 405 406 407 408 409 410 411 412 413 414 415 416 417 418 419 420 421 422 423 424 425 426 427 428 429 430 431 432 433 434 435 436 437 438 439 440 441 442 443 444 445 446 447 448 449 450 451 452 453 454 455 456 457 458 459 460 461 462 463 464 465 466 467 468 469 482 495 508 521 534 547 560 573 586 599 612
TICK
CZ 469 13 470 14 471 15 472 16 473 17 474 18 475 19 476 20 477 21 478 22 479 23 480 24 482 38 483 39 484 40 485 41 486 42 487 43 488 44 489 45 490 46 491 47 492 48 493 49 495 63 496 64 497 65 498 66 499 67 500 68 501 69 502 70 503 71 504 72 505 73 506 74 508 88 509 89 510 90 511 91 512 92 513 93 514 94 515 95 516 96 517 97 518 98 519 99 521 113 522 114 523 115 524 116 525 117 526 118 527 119 528 120 529 121 530 122 531 123 532 124 534 138 535 139 536 140 537 141 538 142 539 143 540 144 541 145 542 146 543 147 544 148 545 149 547 163 548 164 549 165 550 166 551 167 552 168 553 169 554 170 555 171 556 172 557 173 558 174 560 188 561 189 562 190 563 191 564 192 565 193 566 194 567 195 568 196 569 197 570 198 571 199 573 213 574 214 575 215 576 216 577 217 578 218 579 219 580 220 581 221 582 222 583 223 584 224 586 238 587 239 588 240 589 241 590 242 591 243 592 244 593 245 594 246 595 247 596 248 597 249 599 263 600 264 601 265 602 266 603 267 604 268 605 269 606 270 607 271 608 272 609 273 610 274 612 288 613 289 614 290 615 291 616 292 617 293 618 294 619 295 620 296 621 297 622 298 623 299
DEPOLARIZE2(0.01) 469 13 470 14 471 15 472 16 473 17 474 18 475 19 476 20 477 21 478 22 479 23 480 24 482 38 483 39 484 40 485 41 486 42 487 43 488 44 489 45 490 46 491 47 492 48 493 49 495 63 496 64 497 65 498 66 499 67 500 68 501 69 502 70 503 71 504 72 505 73 506 74 508 88 509 89 510 90 511 91 512 92 513 93 514 94 515 95 516 96 517 97 518 98 519 99 521 113 522 114 523 115 524 116 525 117 526 118 527 119 528 120 529 121 530 122 531 123 532 124 534 138 535 139 536 140 537 141 538 142 539 143 540 144 541 145 542 146 543 147 544 148 545 149 547 163 548 164 549 165 550 166 551 167 552 168 553 169 554 170 555 171 556 172 557 173 558 174 560 188 561 189 562 190 563 191 564 192 565 193 566 194 567 195 568 196 569 197 570 198 571 199 573 213 574 214 575 215 576 216 577 217 578 218 579 219 580 220 581 221 582 222 583 223 584 224 586 238 587 239 588 240 589 241 590 242 591 243 592 244 593 245 594 246 595 247 596 248 597 249 599 263 600 264 601 265 602 266 603 267 604 268 605 269 606 270 607 271 608 272 609 273 610 274 612 288 613 289 614 290 615 291 616 292 617 293 618 294 619 295 620 296 621 297 622 298 623 299
DEPOLARIZE1(0.001) 0 1 2 3 4 5 6 7 8 9 10 11 12 25 26 27 28 29 30 31 32 33 34 35 36 37 50 51 52 53 54 55 56 57 58 59 60 61 62 75 76 77 78 79 80 81 82 83 84 85 86 87 100 101 102 103 104 105 106 107 108 109 110 111 112 125 126 127 128 129 130 131 132 133 134 135 136 137 150 151 152 153 154 155 156 157 158 159 160 161 162 175 176 177 178 179 180 181 182 183 184 185 186 187 200 201 202 203 204 205 206 207 208 209 210 211 212 225 226 227 228 229 230 231 232 233 234 235 236 237 250 251 252 253 254 255 256 257 258 259 260 261 262 275 276 277 278 279 280 281 282 283 284 285 286 287 300 301 302 303 304 305 306 307 308 309 310 311 312 313 314 315 316 317 318 319 320 321 322 323 324 325 326 327 328 329 330 331 332 333 334 335 336 337 338 339 340 341 342 343 344 345 346 347 348 349 350 351 352 353 354 355 356 357 358 359 360 361 362 363 364 365 366 367 368 369 370 371 372 373 374 375 376 377 378 379 380 381 382 383 384 385 386 387 388 389 390 391 392 393 394 395 396 397 398 399 400 401 402 403 404 405 406 407 408 409 410 411 412 413 414 415 416 417 418 419 420 421 422 423 424 425 426 427 428 429 430 431 432 433 434 435 436 437 438 439 440 441 442 443 444 445 446 447 448 449 450 451 452 453 454 455 456 457 458 459 460 461 462 463 464 465 466 467 468 481 494 507 520 533 546 559 572 585 598 611 624
TICK
CZ 469 0 470 1 471 2 472 3 473 4 474 5 475 6 476 7 477 8 478 9 479 10 480 11 481 12 482 25 483 26 484 27 485 28 486 29 487 30 488 31 489 32 490 33 491 34 492 35 493 36 494 37 495 50 496 51 497 52 498 53 499 54 500 55 501 56 502 57 503 58 504 59 505 60 506 61 507 62 508 75 509 76 510 77 511 78 512 79 513 80 514 81 515 82 516 83 517 84 518 85 519 86 520 87 521 100 522 101 523 102 524 103 525 104 526 105 527 106 528 107 529 108 530 109 531 110 532 111 533 112 534 125 535 126 536 127 537 128 538 129 539 130 540 131 541 132 542 133 543 134 544 135 545 136 546 137 547 150 548 151 549 152 550 153 551 154 552 155 553 156 554 157 555 158 556 159 557 160 558 161 559 162 560 175 561 176 562 177 563 178 564 179 565 180 566 181 567 182 568 183 569 184 570 185 571 186 572 187 573 200 574 201 575 202 576 203 577 204 578 205 579 206 580 207 581 208 582 209 583 210 584 211 585 212 586 225 587 226 588 227 589 228 590 229 591 230 592 231 593 232 594 233 595 234 596 235 597 236 598 237 599 250 600 251 601 252 602 253 603 254 604 255 605 256 606 257 607 258 608 259 609 260 610 261 611 262 612 275 613 276 614 277 615 278 616 279 617 280 618 281 619 282 620 283 621 284 622 285 623 286 624 287
R 313 314 315 316 317 318 319 320 321 322 323 324 325 326 327 328 329 330 331 332 333 334 335 336 337 338 339 340 341 342 343 344 345 346 347 348 349 350 351 352 353 354 355 356 357 358 359 360 361 362 363 364 365 366 367 368 369 370 371 372 373 374 375 376 377 378 379 380 381 382 383 384 385 386 387 388 389 390 391 392 393 394 395 396 397 398 399 400 401 402 403 404 405 406 407 408 409 410 411 412 413 414 415 416 417 418 419 420 421 422 423 424 425 426 427 428 429 430 431 432 433 434 435 436 437 438 439 440 441 442 443 444 445 446 447 448 449 450 451 452 453 454 455 456 457 458 459 460 461 462 463 464 465 466 467 468
DEPOLARIZE2(0.01) 469 0 470 1 471 2 472 3 473 4 474 5 475 6 476 7 477 8 478 9 479 10 480 11 481 12 482 25 483 26 484 27 485 28 486 29 487 30 488 31 489 32 490 33 491 34 492 35 493 36 494 37 495 50 496 51 497 52 498 53 499 54 500 55 501 56 502 57 503 58 504 59 505 60 506 61 507 62 508 75 509 76 510 77 511 78 512 79 513 80 514 81 515 82 516 83 517 84 518 85 519 86 520 87 521 100 522 101 523 102 524 103 525 104 526 105 527 106 528 107 529 108 530 109 531 110 532 111 533 112 534 125 535 126 536 127 537 128 538 129 539 130 540 131 541 132 542 133 543 134 544 135 545 136 546 137 547 150 548 151 549 152 550 153 551 154 552 155 553 156 554 157 555 158 556 159 557 160 558 161 559 162 560 175 561 176 562 177 563 178 564 179 565 180 566 181 567 182 568 183 569 184 570 185 571 186 572 187 573 200 574 201 575 202 576 203 577 204 578 205 579 206 580 207 581 208 582 209 583 210 584 211 585 212 586 225 587 226 588 227 589 228 590 229 591 230 592 231 593 232 594 233 595 234 596 235 597 236 598 237 599 250 600 251 601 252 602 253 603 254 604 255 605 256 606 257 607 258 608 259 609 260 610 261 611 262 612 275 613 276 614 277 615 278 616 279 617 280 618 281 619 282 620 283 621 284 622 285 623 286 624 287
X_ERROR(0.02) 313 314 315 316 317 318 319 320 321 322 323 324 325 326 327 328 329 330 331 332 333 334 335 336 337 338 339 340 341 342 343 344 345 346 347 348 349 350 351 352 353 354 355 356 357 358 359 360 361 362 363 364 365 366 367 368 369 370 371 372 373 374 375 376 377 378 379 380 381 382 383 384 385 386 387 388 389 390 391 392 393 394 395 396 397 398 399 400 401 402 403 404 405 406 407 408 409 410 411 412 413 414 415 416 417 418 419 420 421 422 423 424 425 426 427 428 429 430 431 432 433 434 435 436 437 438 439 440 441 442 443 444 445 446 447 448 449 450 451 452 453 454 455 456 457 458 459 460 461 462 463 464 465 466 467 468
DEPOLARIZE1(0.001) 13 14 15 16 17 18 19 20 21 22 23 24 38 39 40 41 42 43 44 45 46 47 48 49 63 64 65 66 67 68 69 70 71 72 73 74 88 89 90 91 92 93 94 95 96 97 98 99 113 114 115 116 117 118 119 120 121 122 123 124 138 139 140 141 142 143 144 145 146 147 148 149 163 164 165 166 167 168 169 170 171 172 173 174 188 189 190 191 192 193 194 195 196 197 198 199 213 214 215 216 217 218 219 220 221 222 223 224 238 239 240 241 242 243 244 245 246 247 248 249 263 264 265 266 267 268 269 270 271 272 273 274 288 289 290 291 292 293 294 295 296 297 298 299 300 301 302 303 304 305 306 307 308 309 310 311 312
TICK
H 0 1 2 3 4 5 6 7 8 9 10 11 12 13 14 15 16 17 18 19 20 21 22 23 24 25 26 27 28 29 30 31 32 33 34 35 36 37 38 39 40 41 42 43 44 45 46 47 48 49 50 51 52 53 54 55 56 57 58 59 60 61 62 63 64 65 66 67 68 69 70 71 72 73 74 75 76 77 78 79 80 81 82 83 84 85 86 87 88 89 90 91 92 93 94 95 96 97 98 99 100 101 102 103 104 105 106 107 108 109 110 111 112 113 114 115 116 117 118 119 120 121 122 123 124 125 126 127 128 129 130 131 132 133 134 135 136 137 138 139 140 141 142 143 144 145 146 147 148 149 150 151 152 153 154 155 156 157 158 159 160 161 162 163 164 165 166 167 168 169 170 171 172 173 174 175 176 177 178 179 180 181 182 183 184 185 186 187 188 189 190 191 192 193 194 195 196 197 198 199 200 201 202 203 204 205 206 207 208 209 210 211 212 213 214 215 216 217 218 219 220 221 222 223 224 225 226 227 228 229 230 231 232 233 234 235 236 237 238 239 240 241 242 243 244 245 246 247 248 249 250 251 252 253 254 255 256 257 258 259 260 261 262 263 264 265 266 267 268 269 270 271 272 273 274 275 276 277 278 279 280 281 282 283 284 285 286 287 288 289 290 291 292 293 294 295 296 297 298 299 300 301 302 303 304 305 306 307 308 309 310 311 312 313 314 315 316 317 318 319 320 321 322 323 324 325 326 327 328 329 330 331 332 333 334 335 336 337 338 339 340 341 342 343 344 345 346 347 348 349 350 351 352 353 354 355 356 357 358 359 360 361 362 363 364 365 366 367 368 369 370 371 372 373 374 375 376 377 378 379 380 381 382 383 384 385 386 387 388 389 390 391 392 393 394 395 396 397 398 399 400 401 402 403 404 405 406 407 408 409 410 411 412 413 414 415 416 417 418 419 420 421 422 423 424 425 426 427 428 429 430 431 432 433 434 435 436 437 438 439 440 441 442 443 444 445 446 447 448 449 450 451 452 453 454 455 456 457 458 459 460 461 462 463 464 465 466 467 468 469 470 471 472 473 474 475 476 477 478 479 480 481 482 483 484 485 486 487 488 489 490 491 492 493 494 495 496 497 498 499 500 501 502 503 504 505 506 507 508 509 510 511 512 513 514 515 516 517 518 519 520 521 522 523 524 525 526 527 528 529 530 531 532 533 534 535 536 537 538 539 540 541 542 543 544 545 546 547 548 549 550 551 552 553 554 555 556 557 558 559 560 561 562 563 564 565 566 567 568 569 570 571 572 573 574 575 576 577 578 579 580 581 582 583 584 585 586 587 588 589 590 591 592 593 594 595 596 597 598 599 600 601 602 603 604 605 606 607 608 609 610 611 612 613 614 615 616 617 618 619 620 621 622 623 624
DEPOLARIZE1(0.001) 0 1 2 3 4 5 6 7 8 9 10 11 12 13 14 15 16 17 18 19 20 21 22 23 24 25 26 27 28 29 30 31 32 33 34 35 36 37 38 39 40 41 42 43 44 45 46 47 48 49 50 51 52 53 54 55 56 57 58 59 60 61 62 63 64 65 66 67 68 69 70 71 72 73 74 75 76 77 78 79 80 81 82 83 84 85 86 87 88 89 90 91 92 93 94 95 96 97 98 99 100 101 102 103 104 105 106 107 108 109 110 111 112 113 114 115 116 117 118 119 120 121 122 123 124 125 126 127 128 129 130 131 132 133 134 135 136 137 138 139 140 141 142 143 144 145 146 147 148 149 150 151 152 153 154 155 156 157 158 159 160 161 162 163 164 165 166 167 168 169 170 171 172 173 174 175 176 177 178 179 180 181 182 183 184 185 186 187 188 189 190 191 192 193 194 195 196 197 198 199 200 201 202 203 204 205 206 207 208 209 210 211 212 213 214 215 216 217 218 219 220 221 222 223 224 225 226 227 228 229 230 231 232 233 234 235 236 237 238 239 240 241 242 243 244 245 246 247 248 249 250 251 252 253 254 255 256 257 258 259 260 261 262 263 264 265 266 267 268 269 270 271 272 273 274 275 276 277 278 279 280 281 282 283 284 285 286 287 288 289 290 291 292 293 294 295 296 297 298 299 300 301 302 303 304 305 306 307 308 309 310 311 312 313 314 315 316 317 318 319 320 321 322 323 324 325 326 327 328 329 330 331 332 333 334 335 336 337 338 339 340 341 342 343 344 345 346 347 348 349 350 351 352 353 354 355 356 357 358 359 360 361 362 363 364 365 366 367 368 369 370 371 372 373 374 375 376 377 378 379 380 381 382 383 384 385 386 387 388 389 390 391 392 393 394 395 396 397 398 399 400 401 402 403 404 405 406 407 408 409 410 411 412 413 414 415 416 417 418 419 420 421 422 423 424 425 426 427 428 429 430 431 432 433 434 435 436 437 438 439 440 441 442 443 444 445 446 447 448 449 450 451 452 453 454 455 456 457 458 459 460 461 462 463 464 465 466 467 468 469 470 471 472 473 474 475 476 477 478 479 480 481 482 483 484 485 486 487 488 489 490 491 492 493 494 495 496 497 498 499 500 501 502 503 504 505 506 507 508 509 510 511 512 513 514 515 516 517 518 519 520 521 522 523 524 525 526 527 528 529 530 531 532 533 534 535 536 537 538 539 540 541 542 543 544 545 546 547 548 549 550 551 552 553 554 555 556 557 558 559 560 561 562 563 564 565 566 567 568 569 570 571 572 573 574 575 576 577 578 579 580 581 582 583 584 585 586 587 588 589 590 591 592 593 594 595 596 597 598 599 600 601 602 603 604 605 606 607 608 609 610 611 612 613 614 615 616 617 618 619 620 621 622 623 624
TICK
X_ERROR(0.05) 469 470 471 472 473 474 475 476 477 478 479 480 481 482 483 484 485 486 487 488 489 490 491 492 493 494 495 496 497 498 499 500 501 502 503 504 505 506 507 508 509 510 511 512 513 514 515 516 517 518 519 520 521 522 523 524 525 526 527 528 529 530 531 532 533 534 535 536 537 538 539 540 541 542 543 544 545 546 547 548 549 550 551 552 553 554 555 556 557 558 559 560 561 562 563 564 565 566 567 568 569 570 571 572 573 574 575 576 577 578 579 580 581 582 583 584 585 586 587 588 589 590 591 592 593 594 595 596 597 598 599 600 601 602 603 604 605 606 607 608 609 610 611 612 613 614 615 616 617 618 619 620 621 622 623 624
M 469 470 471 472 473 474 475 476 477 478 479 480 481 482 483 484 485 486 487 488 489 490 491 492 493 494 495 496 497 498 499 500 501 502 503 504 505 506 507 508 509 510 511 512 513 514 515 516 517 518 519 520 521 522 523 524 525 526 527 528 529 530 531 532 533 534 535 536 537 538 539 540 541 542 543 544 545 546 547 548 549 550 551 552 553 554 555 556 557 558 559 560 561 562 563 564 565 566 567 568 569 570 571 572 573 574 575 576 577 578 579 580 581 582 583 584 585 586 587 588 589 590 591 592 593 594 595 596 597 598 599 600 601 602 603 604 605 606 607 608 609 610 611 612 613 614 615 616 617 618 619 620 621 622 623 624
CZ 313 13 314 14 315 15 316 16 317 17 318 18 319 19 320 20 321 21 322 22 323 23 324 24 325 38 326 39 327 40 328 41 329 42 330 43 331 44 332 45 333 46 334 47 335 48 336 49 337 63 338 64 339 65 340 66 341 67 342 68 343 69 344 70 345 71 346 72 347 73 348 74 349 88 350 89 351 90 352 91 353 92 354 93 355 94 356 95 357 96 358 97 359 98 360 99 361 113 362 114 363 115 364 116 365 117 366 118 367 119 368 120 369 121 370 122 371 123 372 124 373 138 374 139 375 140 376 141 377 142 378 143 379 144 380 145 381 146 382 147 383 148 384 149 385 163 386 164 387 165 388 166 389 167 390 168 391 169 392 170 393 171 394 172 395 173 396 174 397 188 398 189 399 190 400 191 401 192 402 193 403 194 404 195 405 196 406 197 407 198 408 199 409 213 410 214 411 215 412 216 413 217 414 218 415 219 416 220 417 221 418 222 419 223 420 224 421 238 422 239 423 240 424 241 425 242 426 243 427 244 428 245 429 246 430 247 431 248 432 249 433 263 434 264 435 265 436 266 437 267 438 268 439 269 440 270 441 271 442 272 443 273 444 274 445 288 446 289 447 290 448 291 449 292 450 293 451 294 452 295 453 296 454 297 455 298 456 299
DEPOLARIZE2(0.01) 313 13 314 14 315 15 316 16 317 17 318 18 319 19 320 20 321 21 322 22 323 23 324 24 325 38 326 39 327 40 328 41 329 42 330 43 331 44 332 45 333 46 334 47 335 48 336 49 337 63 338 64 339 65 340 66 341 67 342 68 343 69 344 70 345 71 346 72 347 73 348 74 349 88 350 89 351 90 352 91 353 92 354 93 355 94 356 95 357 96 358 97 359 98 360 99 361 113 362 114 363 115 364 116 365 117 366 118 367 119 368 120 369 121 370 122 371 123 372 124 373 138 374 139 375 140 376 141 377 142 378 143 379 144 380 145 381 146 382 147 383 148 384 149 385 163 386 164 387 165 388 166 389 167 390 168 391 169 392 170 393 171 394 172 395 173 396 174 397 188 398 189 399 190 400 191 401 192 402 193 403 194 404 195 405 196 406 197 407 198 408 199 409 213 410 214 411 215 412 216 413 217 414 218 415 219 416 220 417 221 418 222 419 223 420 224 421 238 422 239 423 240 424 241 425 242 426 243 427 244 428 245 429 246 430 247 431 248 432 249 433 263 434 264 435 265 436 266 437 267 438 268 439 269 440 270 441 271 442 272 443 273 444 274 445 288 446 289 447 290 448 291 449 292 450 293 451 294 452 295 453 296 454 297 455 298 456 299
DEPOLARIZE1(0.001) 0 1 2 3 4 5 6 7 8 9 10 11 12 25 26 27 28 29 30 31 32 33 34 35 36 37 50 51 52 53 54 55 56 57 58 59 60 61 62 75 76 77 78 79 80 81 82 83 84 85 86 87 100 101 102 103 104 105 106 107 108 109 110 111 112 125 126 127 128 129 130 131 132 133 134 135 136 137 150 151 152 153 154 155 156 157 158 159 160 161 162 175 176 177 178 179 180 181 182 183 184 185 186 187 200 201 202 203 204 205 206 207 208 209 210 211 212 225 226 227 228 229 230 231 232 233 234 235 236 237 250 251 252 253 254 255 256 257 258 259 260 261 262 275 276 277 278 279 280 281 282 283 284 285 286 287 300 301 302 303 304 305 306 307 308 309 310 311 312 457 458 459 460 461 462 463 464 465 466 467 468
TICK
CZ 313 1 314 2 315 3 316 4 317 5 318 6 319 7 320 8 321 9 322 10 323 11 324 12 325 26 326 27 327 28 328 29 329 30 330 31 331 32 332 33 333 34 334 35 335 36 336 37 337 51 338 52 339 53 340 54 341 55 342 56 343 57 344 58 345 59 346 60 347 61 348 62 349 76 350 77 351 78 352 79 353 80 354 81 355 82 356 83 357 84 358 85 359 86 360 87 361 101 362 102 363 103 364 104 365 105 366 106 367 107 368 108 369 109 370 110 371 111 372 112 373 126 374 127 375 128 376 129 377 130 378 131 379 132 380 133 381 134 382 135 383 136 384 137 385 151 386 152 387 153 388 154 389 155 390 156 391 157 392 158 393 159 394 160 395 161 396 162 397 176 398 177 399 178 400 179 401 180 402 181 403 182 404 183 405 184 406 185 407 186 408 187 409 201 410 202 411 203 412 204 413 205 414 206 415 207 416 208 417 209 418 210 419 211 420 212 421 226 422 227 423 228 424 229 425 230 426 231 427 232 428 233 429 234 430 235 431 236 432 237 433 251 434 252 435 253 436 254 437 255 438 256 439 257 440 258 441 259 442 260 443 261 444 262 445 276 446 277 447 278 448 279 449 280 450 281 451 282 452 283 453 284 454 285 455 286 456 287 457 301 458 302 459 303 460 304 461 305 462 306 463 307 464 308 465 309 466 310 467 311 468 312
DEPOLARIZE2(0.01) 313 1 314 2 315 3 316 4 317 5 318 6 319 7 320 8 321 9 322 10 323 11 324 12 325 26 326 27 327 28 328 29 329 30 330 31 331 32 332 33 333 34 334 35 335 36 336 37 337 51 338 52 339 53 340 54 341 55 342 56 343 57 344 58 345 59 346 60 347 61 348 62 349 76 350 77 351 78 352 79 353 80 354 81 355 82 356 83 357 84 358 85 359 86 360 87 361 101 362 102 363 103 364 104 365 105 366 106 367 107 368 108 369 109 370 110 371 111 372 112 373 126 374 127 375 128 376 129 377 130 378 131 379 132 380 133 381 134 382 135 383 136 384 137 385 151 386 152 387 153 388 154 389 155 390 156 391 157 392 158 393 159 394 160 395 161 396 162 397 176 398 177 399 178 400 179 401 180 402 181 403 182 404 183 405 184 406 185 407 186 408 187 409 201 410 202 411 203 412 204 413 205 414 206 415 207 416 208 417 209 418 210 419 211 420 212 421 226 422 227 423 228 424 229 425 230 426 231 427 232 428 233 429 234 430 235 431 236 432 237 433 251 434 252 435 253 436 254 437 255 438 256 439 257 440 258 441 259 442 260 443 261 444 262 445 276 446 277 447 278 448 279 449 280 450 281 451 282 452 283 453 284 454 285 455 286 456 287 457 301 458 302 459 303 460 304 461 305 462 306 463 307 464 308 465 309 466 310 467 311 468 312
DEPOLARIZE1(0.001) 0 13 14 15 16 17 18 19 20 21 22 23 24 25 38 39 40 41 42 43 44 45 46 47 48 49 50 63 64 65 66 67 68 69 70 71 72 73 74 75 88 89 90 91 92 93 94 95 96 97 98 99 100 113 114 115 116 117 118 119 120 121 122 123 124 125 138 139 140 141 142 143 144 145 146 147 148 149 150 163 164 165 166 167 168 169 170 171 172 173 174 175 188 189 190 191 192 193 194 195 196 197 198 199 200 213 214 215 216 217 218 219 220 221 222 223 224 225 238 239 240 241 242 243 244 245 246 247 248 249 250 263 264 265 266 267 268 269 270 271 272 273 274 275 288 289 290 291 292 293 294 295 296 297 298 299 300 469 470 471 472 473 474 475 476 477 478 479 480 481 482 483 484 485 486 487 488 489 490 491 492 493 494 495 496 497 498 499 500 501 502 503 504 505 506 507 508 509 510 511 512 513 514 515 516 517 518 519 520 521 522 523 524 525 526 527 528 529 530 531 532 533 534 535 536 537 538 539 540 541 542 543 544 545 546 547 548 549 550 551 552 553 554 555 556 557 558 559 560 561 562 563 564 565 566 567 568 569 570 571 572 573 574 575 576 577 578 579 580 581 582 583 584 585 586 587 588 589 590 591 592 593 594 595 596 597 598 599 600 601 602 603 604 605 606 607 608 609 610 611 612 613 614 615 616 617 618 619 620 621 622 623 624
TICK
CZ 313 0 314 1 315 2 316 3 317 4 318 5 319 6 320 7 321 8 322 9 323 10 324 11 325 25 326 26 327 27 328 28 329 29 330 30 331 31 332 32 333 33 334 34 335 35 336 36 337 50 338 51 339 52 340 53 341 54 342 55 343 56 344 57 345 58 346 59 347 60 348 61 349 75 350 76 351 77 352 78 353 79 354 80 355 81 356 82 357 83 358 84 359 85 360 86 361 100 362 101 363 102 364 103 365 104 366 105 367 106 368 107 369 108 370 109 371 110 372 111 373 125 374 126 375 127 376 128 377 129 378 130 379 131 380 132 381 133 382 134 383 135 384 136 385 150 386 151 387 152 388 153 389 154 390 155 391 156 392 157 393 158 394 159 395 160 396 161 397 175 398 176 399 177 400 178 401 179 402 180 403 181 404 182 405 183 406 184 407 185 408 186 409 200 410 201 411 202 412 203 413 204 414 205 415 206 416 207 417 208 418 209 419 210 420 211 421 225 422 226 423 227 424 228 425 229 426 230 427 231 428 232 429 233 430 234 431 235 432 236 433 250 434 251 435 252 436 253 437 254 438 255 439 256 440 257 441 258 442 259 443 260 444 261 445 275 446 276 447 277 448 278 449 279 450 280 451 281 452 282 453 283 454 284 455 285 456 286 457 300 458 301 459 302 460 303 461 304 462 305 463 306 464 307 465 308 466 309 467 310 468 311
DEPOLARIZE2(0.01) 313 0 314 1 315 2 316 3 317 4 318 5 319 6 320 7 321 8 322 9 323 10 324 11 325 25 326 26 327 27 328 28 329 29 330 30 331 31 332 32 333 33 334 34 335 35 336 36 337 50 338 51 339 52 340 53 341 54 342 55 343 56 344 57 345 58 346 59 347 60 348 61 349 75 350 76 351 77 352 78 353 79 354 80 355 81 356 82 357 83 358 84 359 85 360 86 361 100 362 101 363 102 364 103 365 104 366 105 367 106 368 107 369 108 370 109 371 110 372 111 373 125 374 126 375 127 376 128 377 129 378 130 379 131 380 132 381 133 382 134 383 135 384 136 385 150 386 151 387 152 388 153 389 154 390 155 391 156 392 157 393 158 394 159 395 160 396 161 397 175 398 176 399 177 400 178 401 179 402 180 403 181 404 182 405 183 406 184 407 185 408 186 409 200 410 201 411 202 412 203 413 204 414 205 415 206 416 207 417 208 418 209 419 210 420 211 421 225 422 226 423 227 424 228 425 229 426 230 427 231 428 232 429 233 430 234 431 235 432 236 433 250 434 251 435 252 436 253 437 254 438 255 439 256 440 257 441 258 442 259 443 260 444 261 445 275 446 276 447 277 448 278 449 279 450 280 451 281 452 282 453 283 454 284 455 285 456 286 457 300 458 301 459 302 460 303 461 304 462 305 463 306 464 307 465 308 466 309 467 310 468 311
DEPOLARIZE1(0.001) 12 13 14 15 16 17 18 19 20 21 22 23 24 37 38 39 40 41 42 43 44 45 46 47 48 49 62 63 64 65 66 67 68 69 70 71 72 73 74 87 88 89 90 91 92 93 94 95 96 97 98 99 112 113 114 115 116 117 118 119 120 121 122 123 124 137 138 139 140 141 142 143 144 145 146 147 148 149 162 163 164 165 166 167 168 169 170 171 172 173 174 187 188 189 190 191 192 193 194 195 196 197 198 199 212 213 214 215 216 217 218 219 220 221 222 223 224 237 238 239 240 241 242 243 244 245 246 247 248 249 262 263 264 265 266 267 268 269 270 271 272 273 274 287 288 289 290 291 292 293 294 295 296 297 298 299 312 469 470 471 472 473 474 475 476 477 478 479 480 481 482 483 484 485 486 487 488 489 490 491 492 493 494 495 496 497 498 499 500 501 502 503 504 505 506 507 508 509 510 511 512 513 514 515 516 517 518 519 520 521 522 523 524 525 526 527 528 529 530 531 532 533 534 535 536 537 538 539 540 541 542 543 544 545 546 547 548 549 550 551 552 553 554 555 556 557 558 559 560 561 562 563 564 565 566 567 568 569 570 571 572 573 574 575 576 577 578 579 580 581 582 583 584 585 586 587 588 589 590 591 592 593 594 595 596 597 598 599 600 601 602 603 604 605 606 607 608 609 610 611 612 613 614 615 616 617 618 619 620 621 622 623 624
TICK
CZ 325 13 326 14 327 15 328 16 329 17 330 18 331 19 332 20 333 21 334 22 335 23 336 24 337 38 338 39 339 40 340 41 341 42 342 43 343 44 344 45 345 46 346 47 347 48 348 49 349 63 350 64 351 65 352 66 353 67 354 68 355 69 356 70 357 71 358 72 359 73 360 74 361 88 362 89 363 90 364 91 365 92 366 93 367 94 368 95 369 96 370 97 371 98 372 99 373 113 374 114 375 115 376 116 377 117 378 118 379 119 380 120 381 121 382 122 383 123 384 124 385 138 386 139 387 140 388 141 389 142 390 143 391 144 392 145 393 146 394 147 395 148 396 149 397 163 398 164 399 165 400 166 401 167 402 168 403 169 404 170 405 171 406 172 407 173 408 174 409 188 410 189 411 190 412 191 413 192 414 193 415 194 416 195 417 196 418 197 419 198 420 199 421 213 422 214 423 215 424 216 425 217 426 218 427 219 428 220 429 221 430 222 431 223 432 224 433 238 434 239 435 240 436 241 437 242 438 243 439 244 440 245 441 246 442 247 443 248 444 249 445 263 446 264 447 265 448 266 449 267 450 268 451 269 452 270 453 271 454 272 455 273 456 274 457 288 458 289 459 290 460 291 461 292 462 293 463 294 464 295 465 296 466 297 467 298 468 299
DEPOLARIZE2(0.01) 325 13 326 14 327 15 328 16 329 17 330 18 331 19 332 20 333 21 334 22 335 23 336 24 337 38 338 39 339 40 340 41 341 42 342 43 343 44 344 45 345 46 346 47 347 48 348 49 349 63 350 64 351 65 352 66 353 67 354 68 355 69 356 70 357 71 358 72 359 73 360 74 361 88 362 89 363 90 364 91 365 92 366 93 367 94 368 95 369 96 370 97 371 98 372 99 373 113 374 114 375 115 376 116 377 117 378 118 379 119 380 120 381 121 382 122 383 123 384 124 385 138 386 139 387 140 388 141 389 142 390 143 391 144 392 145 393 146 394 147 395 148 396 149 397 163 398 164 399 165 400 166 401 167 402 168 403 169 404 170 405 171 406 172 407 173 408 174 409 188 410 189 411 190 412 191 413 192 414 193 415 194 416 195 417 196 418 197 419 198 420 199 421 213 422 214 423 215 424 216 425 217 426 218 427 219 428 220 429 221 430 222 431 223 432 224 433 238 434 239 435 240 436 241 437 242 438 243 439 244 440 245 441 246 442 247 443 248 444 249 445 263 446 264 447 265 448 266 449 267 450 268 451 269 452 270 453 271 454 272 455 273 456 274 457 288 458 289 459 290 460 291 461 292 462 293 463 294 464 295 465 296 466 297 467 298 468 299
DEPOLARIZE1(0.001) 0 1 2 3 4 5 6 7 8 9 10 11 12 25 26 27 28 29 30 31 32 33 34 35 36 37 50 51 52 53 54 55 56 57 58 59 60 61 62 75 76 77 78 79 80 81 82 83 84 85 86 87 100 101 102 103 104 105 106 107 108 109 110 111 112 125 126 127 128 129 130 131 132 133 134 135 136 137 150 151 152 153 154 155 156 157 158 159 160 161 162 175 176 177 178 179 180 181 182 183 184 185 186 187 200 201 202 203 204 205 206 207 208 209 210 211 212 225 226 227 228 229 230 231 232 233 234 235 236 237 250 251 252 253 254 255 256 257 258 259 260 261 262 275 276 277 278 279 280 281 282 283 284 285 286 287 300 301 302 303 304 305 306 307 308 309 310 311 312 313 314 315 316 317 318 319 320 321 322 323 324 469 470 471 472 473 474 475 476 477 478 479 480 481 482 483 484 485 486 487 488 489 490 491 492 493 494 495 496 497 498 499 500 501 502 503 504 505 506 507 508 509 510 511 512 513 514 515 516 517 518 519 520 521 522 523 524 525 526 527 528 529 530 531 532 533 534 535 536 537 538 539 540 541 542 543 544 545 546 547 548 549 550 551 552 553 554 555 556 557 558 559 560 561 562 563 564 565 566 567 568 569 570 571 572 573 574 575 576 577 578 579 580 581 582 583 584 585 586 587 588 589 590 591 592 593 594 595 596 597 598 599 600 601 602 603 604 605 606 607 608 609 610 611 612 613 614 615 616 617 618 619 620 621 622 623 624
TICK
H 313 314 315 316 317 318 319 320 321 322 323 324 325 326 327 328 329 330 331 332 333 334 335 336 337 338 339 340 341 342 343 344 345 346 347 348 349 350 351 352 353 354 355 356 357 358 359 360 361 362 363 364 365 366 367 368 369 370 371 372 373 374 375 376 377 378 379 380 381 382 383 384 385 386 387 388 389 390 391 392 393 394 395 396 397 398 399 400 401 402 403 404 405 406 407 408 409 410 411 412 413 414 415 416 417 418 419 420 421 422 423 424 425 426 427 428 429 430 431 432 433 434 435 436 437 438 439 440 441 442 443 444 445 446 447 448 449 450 451 452 453 454 455 456 457 458 459 460 461 462 463 464 465 466 467 468
DEPOLARIZE1(0.001) 313 314 315 316 317 318 319 320 321 322 323 324 325 326 327 328 329 330 331 332 333 334 335 336 337 338 339 340 341 342 343 344 345 346 347 348 349 350 351 352 353 354 355 356 357 358 359 360 361 362 363 364 365 366 367 368 369 370 371 372 373 374 375 376 377 378 379 380 381 382 383 384 385 386 387 388 389 390 391 392 393 394 395 396 397 398 399 400 401 402 403 404 405 406 407 408 409 410 411 412 413 414 415 416 417 418 419 420 421 422 423 424 425 426 427 428 429 430 431 432 433 434 435 436 437 438 439 440 441 442 443 444 445 446 447 448 449 450 451 452 453 454 455 456 457 458 459 460 461 462 463 464 465 466 467 468 0 1 2 3 4 5 6 7 8 9 10 11 12 13 14 15 16 17 18 19 20 21 22 23 24 25 26 27 28 29 30 31 32 33 34 35 36 37 38 39 40 41 42 43 44 45 46 47 48 49 50 51 52 53 54 55 56 57 58 59 60 61 62 63 64 65 66 67 68 69 70 71 72 73 74 75 76 77 78 79 80 81 82 83 84 85 86 87 88 89 90 91 92 93 94 95 96 97 98 99 100 101 102 103 104 105 106 107 108 109 110 111 112 113 114 115 116 117 118 119 120 121 122 123 124 125 126 127 128 129 130 131 132 133 134 135 136 137 138 139 140 141 142 143 144 145 146 147 148 149 150 151 152 153 154 155 156 157 158 159 160 161 162 163 164 165 166 167 168 169 170 171 172 173 174 175 176 177 178 179 180 181 182 183 184 185 186 187 188 189 190 191 192 193 194 195 196 197 198 199 200 201 202 203 204 205 206 207 208 209 210 211 212 213 214 215 216 217 218 219 220 221 222 223 224 225 226 227 228 229 230 231 232 233 234 235 236 237 238 239 240 241 242 243 244 245 246 247 248 249 250 251 252 253 254 255 256 257 258 259 260 261 262 263 264 265 266 267 268 269 270 271 272 273 274 275 276 277 278 279 280 281 282 283 284 285 286 287 288 289 290 291 292 293 294 295 296 297 298 299 300 301 302 303 304 305 306 307 308 309 310 311 312 469 470 471 472 473 474 475 476 477 478 479 480 481 482 483 484 485 486 487 488 489 490 491 492 493 494 495 496 497 498 499 500 501 502 503 504 505 506 507 508 509 510 511 512 513 514 515 516 517 518 519 520 521 522 523 524 525 526 527 528 529 530 531 532 533 534 535 536 537 538 539 540 541 542 543 544 545 546 547 548 549 550 551 552 553 554 555 556 557 558 559 560 561 562 563 564 565 566 567 568 569 570 571 572 573 574 575 576 577 578 579 580 581 582 583 584 585 586 587 588 589 590 591 592 593 594 595 596 597 598 599 600 601 602 603 604 605 606 607 608 609 610 611 612 613 614 615 616 617 618 619 620 621 622 623 624
TICK
X_ERROR(0.05) 313 314 315 316 317 318 319 320 321 322 323 324 325 326 327 328 329 330 331 332 333 334 335 336 337 338 339 340 341 342 343 344 345 346 347 348 349 350 351 352 353 354 355 356 357 358 359 360 361 362 363 364 365 366 367 368 369 370 371 372 373 374 375 376 377 378 379 380 381 382 383 384 385 386 387 388 389 390 391 392 393 394 395 396 397 398 399 400 401 402 403 404 405 406 407 408 409 410 411 412 413 414 415 416 417 418 419 420 421 422 423 424 425 426 427 428 429 430 431 432 433 434 435 436 437 438 439 440 441 442 443 444 445 446 447 448 449 450 451 452 453 454 455 456 457 458 459 460 461 462 463 464 465 466 467 468 0 1 2 3 4 5 6 7 8 9 10 11 12 13 14 15 16 17 18 19 20 21 22 23 24 25 26 27 28 29 30 31 32 33 34 35 36 37 38 39 40 41 42 43 44 45 46 47 48 49 50 51 52 53 54 55 56 57 58 59 60 61 62 63 64 65 66 67 68 69 70 71 72 73 74 75 76 77 78 79 80 81 82 83 84 85 86 87 88 89 90 91 92 93 94 95 96 97 98 99 100 101 102 103 104 105 106 107 108 109 110 111 112 113 114 115 116 117 118 119 120 121 122 123 124 125 126 127 128 129 130 131 132 133 134 135 136 137 138 139 140 141 142 143 144 145 146 147 148 149 150 151 152 153 154 155 156 157 158 159 160 161 162 163 164 165 166 167 168 169 170 171 172 173 174 175 176 177 178 179 180 181 182 183 184 185 186 187 188 189 190 191 192 193 194 195 196 197 198 199 200 201 202 203 204 205 206 207 208 209 210 211 212 213 214 215 216 217 218 219 220 221 222 223 224 225 226 227 228 229 230 231 232 233 234 235 236 237 238 239 240 241 242 243 244 245 246 247 248 249 250 251 252 253 254 255 256 257 258 259 260 261 262 263 264 265 266 267 268 269 270 271 272 273 274 275 276 277 278 279 280 281 282 283 284 285 286 287 288 289 290 291 292 293 294 295 296 297 298 299 300 301 302 303 304 305 306 307 308 309 310 311 312
M 313 314 315 316 317 318 319 320 321 322 323 324 325 326 327 328 329 330 331 332 333 334 335 336 337 338 339 340 341 342 343 344 345 346 347 348 349 350 351 352 353 354 355 356 357 358 359 360 361 362 363 364 365 366 367 368 369 370 371 372 373 374 375 376 377 378 379 380 381 382 383 384 385 386 387 388 389 390 391 392 393 394 395 396 397 398 399 400 401 402 403 404 405 406 407 408 409 410 411 412 413 414 415 416 417 418 419 420 421 422 423 424 425 426 427 428 429 430 431 432 433 434 435 436 437 438 439 440 441 442 443 444 445 446 447 448 449 450 451 452 453 454 455 456 457 458 459 460 461 462 463 464 465 466 467 468
DETECTOR(0, 1, 0) rec[-156]
DETECTOR(0, 3, 0) rec[-155]
DETECTOR(0, 5, 0) rec[-154]
DETECTOR(0, 7, 0) rec[-153]
DETECTOR(0, 9, 0) rec[-152]
DETECTOR(0, 11, 0) rec[-151]
DETECTOR(0, 13, 0) rec[-150]
DETECTOR(0, 15, 0) rec[-149]
DETECTOR(0, 17, 0) rec[-148]
DETECTOR(0, 19, 0) rec[-147]
DETECTOR(0, 21, 0) rec[-146]
DETECTOR(0, 23, 0) rec[-145]
DETECTOR(2, 1, 0) rec[-144]
DETECTOR(2, 3, 0) rec[-143]
DETECTOR(2, 5, 0) rec[-142]
DETECTOR(2, 7, 0) rec[-141]
DETECTOR(2, 9, 0) rec[-140]
DETECTOR(2, 11, 0) rec[-139]
DETECTOR(2, 13, 0) rec[-138]
DETECTOR(2, 15, 0) rec[-137]
DETECTOR(2, 17, 0) rec[-136]
DETECTOR(2, 19, 0) rec[-135]
DETECTOR(2, 21, 0) rec[-134]
DETECTOR(2, 23, 0) rec[-133]
DETECTOR(4, 1, 0) rec[-132]
DETECTOR(4, 3, 0) rec[-131]
DETECTOR(4, 5, 0) rec[-130]
DETECTOR(4, 7, 0) rec[-129]
DETECTOR(4, 9, 0) rec[-128]
DETECTOR(4, 11, 0) rec[-127]
DETECTOR(4, 13, 0) rec[-126]
DETECTOR(4, 15, 0) rec[-125]
DETECTOR(4, 17, 0) rec[-124]
DETECTOR(4, 19, 0) rec[-123]
DETECTOR(4, 21, 0) rec[-122]
DETECTOR(4, 23, 0) rec[-121]
DETECTOR(6, 1, 0) rec[-120]
DETECTOR(6, 3, 0) rec[-119]
DETECTOR(6, 5, 0) rec[-118]
DETECTOR(6, 7, 0) rec[-117]
DETECTOR(6, 9, 0) rec[-116]
DETECTOR(6, 11, 0) rec[-115]
DETECTOR(6, 13, 0) rec[-114]
DETECTOR(6, 15, 0) rec[-113]
DETECTOR(6, 17, 0) rec[-112]
DETECTOR(6, 19, 0) rec[-111]
DETECTOR(6, 21, 0) rec[-110]
DETECTOR(6, 23, 0) rec[-109]
DETECTOR(8, 1, 0) rec[-108]
DETECTOR(8, 3, 0) rec[-107]
DETECTOR(8, 5, 0) rec[-106]
DETECTOR(8, 7, 0) rec[-105]
DETECTOR(8, 9, 0) rec[-104]
DETECTOR(8, 11, 0) rec[-103]
DETECTOR(8, 13, 0) rec[-102]
DETECTOR(8, 15, 0) rec[-101]
DETECTOR(8, 17, 0) rec[-100]
DETECTOR(8, 19, 0) rec[-99]
DETECTOR(8, 21, 0) rec[-98]
DETECTOR(8, 23, 0) rec[-97]
DETECTOR(10, 1, 0) rec[-96]
DETECTOR(10, 3, 0) rec[-95]
DETECTOR(10, 5, 0) rec[-94]
DETECTOR(10, 7, 0) rec[-93]
DETECTOR(10, 9, 0) rec[-92]
DETECTOR(10, 11, 0) rec[-91]
DETECTOR(10, 13, 0) rec[-90]
DETECTOR(10, 15, 0) rec[-89]
DETECTOR(10, 17, 0) rec[-88]
DETECTOR(10, 19, 0) rec[-87]
DETECTOR(10, 21, 0) rec[-86]
DETECTOR(10, 23, 0) rec[-85]
DETECTOR(12, 1, 0) rec[-84]
DETECTOR(12, 3, 0) rec[-83]
DETECTOR(12, 5, 0) rec[-82]
DETECTOR(12, 7, 0) rec[-81]
DETECTOR(12, 9, 0) rec[-80]
DETECTOR(12, 11, 0) rec[-79]
DETECTOR(12, 13, 0) rec[-78]
DETECTOR(12, 15, 0) rec[-77]
DETECTOR(12, 17, 0) rec[-76]
DETECTOR(12, 19, 0) rec[-75]
DETECTOR(12, 21, 0) rec[-74]
DETECTOR(12, 23, 0) rec[-73]
DETECTOR(14, 1, 0) rec[-72]
DETECTOR(14, 3, 0) rec[-71]
DETECTOR(14, 5, 0) rec[-70]
DETECTOR(14, 7, 0) rec[-69]
DETECTOR(14, 9, 0) rec[-68]
DETECTOR(14, 11, 0) rec[-67]
DETECTOR(14, 13, 0) rec[-66]
DETECTOR(14, 15, 0) rec[-65]
DETECTOR(14, 17, 0) rec[-64]
DETECTOR(14, 19, 0) rec[-63]
DETECTOR(14, 21, 0) rec[-62]
DETECTOR(14, 23, 0) rec[-61]
DETECTOR(16, 1, 0) rec[-60]
DETECTOR(16, 3, 0) rec[-59]
DETECTOR(16, 5, 0) rec[-58]
DETECTOR(16, 7, 0) rec[-57]
DETECTOR(16, 9, 0) rec[-56]
DETECTOR(16, 11, 0) rec[-55]
DETECTOR(16, 13, 0) rec[-54]
DETECTOR(16, 15, 0) rec[-53]
DETECTOR(16, 17, 0) rec[-52]
DETECTOR(16, 19, 0) rec[-51]
DETECTOR(16, 21, 0) rec[-50]
DETECTOR(16, 23, 0) rec[-49]
DETECTOR(18, 1, 0) rec[-48]
DETECTOR(18, 3, 0) rec[-47]
DETECTOR(18, 5, 0) rec[-46]
DETECTOR(18, 7, 0) rec[-45]
DETECTOR(18, 9, 0) rec[-44]
DETECTOR(18, 11, 0) rec[-43]
DETECTOR(18, 13, 0) rec[-42]
DETECTOR(18, 15, 0) rec[-41]
DETECTOR(18, 17, 0) rec[-40]
DETECTOR(18, 19, 0) rec[-39]
DETECTOR(18, 21, 0) rec[-38]
DETECTOR(18, 23, 0) rec[-37]
DETECTOR(20, 1, 0) rec[-36]
DETECTOR(20, 3, 0) rec[-35]
DETECTOR(20, 5, 0) rec[-34]
DETECTOR(20, 7, 0) rec[-33]
DETECTOR(20, 9, 0) rec[-32]
DETECTOR(20, 11, 0) rec[-31]
DETECTOR(20, 13, 0) rec[-30]
DETECTOR(20, 15, 0) rec[-29]
DETECTOR(20, 17, 0) rec[-28]
DETECTOR(20, 19, 0) rec[-27]
DETECTOR(20, 21, 0) rec[-26]
DETECTOR(20, 23, 0) rec[-25]
DETECTOR(22, 1, 0) rec[-24]
DETECTOR(22, 3, 0) rec[-23]
DETECTOR(22, 5, 0) rec[-22]
DETECTOR(22, 7, 0) rec[-21]
DETECTOR(22, 9, 0) rec[-20]
DETECTOR(22, 11, 0) rec[-19]
DETECTOR(22, 13, 0) rec[-18]
DETECTOR(22, 15, 0) rec[-17]
DETECTOR(22, 17, 0) rec[-16]
DETECTOR(22, 19, 0) rec[-15]
DETECTOR(22, 21, 0) rec[-14]
DETECTOR(22, 23, 0) rec[-13]
DETECTOR(24, 1, 0) rec[-12]
DETECTOR(24, 3, 0) rec[-11]
DETECTOR(24, 5, 0) rec[-10]
DETECTOR(24, 7, 0) rec[-9]
DETECTOR(24, 9, 0) rec[-8]
DETECTOR(24, 11, 0) rec[-7]
DETECTOR(24, 13, 0) rec[-6]
DETECTOR(24, 15, 0) rec[-5]
DETECTOR(24, 17, 0) rec[-4]
DETECTOR(24, 19, 0) rec[-3]
DETECTOR(24, 21, 0) rec[-2]
DETECTOR(24, 23, 0) rec[-1]
M 0 1 2 3 4 5 6 7 8 9 10 11 12 13 14 15 16 17 18 19 20 21 22 23 24 25 26 27 28 29 30 31 32 33 34 35 36 37 38 39 40 41 42 43 44 45 46 47 48 49 50 51 52 53 54 55 56 57 58 59 60 61 62 63 64 65 66 67 68 69 70 71 72 73 74 75 76 77 78 79 80 81 82 83 84 85 86 87 88 89 90 91 92 93 94 95 96 97 98 99 100 101 102 103 104 105 106 107 108 109 110 111 112 113 114 115 116 117 118 119 120 121 122 123 124 125 126 127 128 129 130 131 132 133 134 135 136 137 138 139 140 141 142 143 144 145 146 147 148 149 150 151 152 153 154 155 156 157 158 159 160 161 162 163 164 165 166 167 168 169 170 171 172 173 174 175 176 177 178 179 180 181 182 183 184 185 186 187 188 189 190 191 192 193 194 195 196 197 198 199 200 201 202 203 204 205 206 207 208 209 210 211 212 213 214 215 216 217 218 219 220 221 222 223 224 225 226 227 228 229 230 231 232 233 234 235 236 237 238 239 240 241 242 243 244 245 246 247 248 249 250 251 252 253 254 255 256 257 258 259 260 261 262 263 264 265 266 267 268 269 270 271 272 273 274 275 276 277 278 279 280 281 282 283 284 285 286 287 288 289 290 291 292 293 294 295 296 297 298 299 300 301 302 303 304 305 306 307 308 309 310 311 312
DETECTOR(0, 1, 1) rec[-313] rec[-312] rec[-300] rec[-469]
DETECTOR(0, 3, 1) rec[-312] rec[-311] rec[-299] rec[-468]
DETECTOR(0, 5, 1) rec[-311] rec[-310] rec[-298] rec[-467]
DETECTOR(0, 7, 1) rec[-310] rec[-309] rec[-297] rec[-466]
DETECTOR(0, 9, 1) rec[-309] rec[-308] rec[-296] rec[-465]
DETECTOR(0, 11, 1) rec[-308] rec[-307] rec[-295] rec[-464]
DETECTOR(0, 13, 1) rec[-307] rec[-306] rec[-294] rec[-463]
DETECTOR(0, 15, 1) rec[-306] rec[-305] rec[-293] rec[-462]
DETECTOR(0, 17, 1) rec[-305] rec[-304] rec[-292] rec[-461]
DETECTOR(0, 19, 1) rec[-304] rec[-303] rec[-291] rec[-460]
DETECTOR(0, 21, 1) rec[-303] rec[-302] rec[-290] rec[-459]
DETECTOR(0, 23, 1) rec[-302] rec[-301] rec[-289] rec[-458]
DETECTOR(2, 1, 1) rec[-300] rec[-288] rec[-287] rec[-275] rec[-457]
DETECTOR(2, 3, 1) rec[-299] rec[-287] rec[-286] rec[-274] rec[-456]
DETECTOR(2, 5, 1) rec[-298] rec[-286] rec[-285] rec[-273] rec[-455]
DETECTOR(2, 7, 1) rec[-297] rec[-285] rec[-284] rec[-272] rec[-454]
DETECTOR(2, 9, 1) rec[-296] rec[-284] rec[-283] rec[-271] rec[-453]
DETECTOR(2, 11, 1) rec[-295] rec[-283] rec[-282] rec[-270] rec[-452]
DETECTOR(2, 13, 1) rec[-294] rec[-282] rec[-281] rec[-269] rec[-451]
DETECTOR(2, 15, 1) rec[-293] rec[-281] rec[-280] rec[-268] rec[-450]
DETECTOR(2, 17, 1) rec[-292] rec[-280] rec[-279] rec[-267] rec[-449]
DETECTOR(2, 19, 1) rec[-291] rec[-279] rec[-278] rec[-266] rec[-448]
DETECTOR(2, 21, 1) rec[-290] rec[-278] rec[-277] rec[-265] rec[-447]
DETECTOR(2, 23, 1) rec[-289] rec[-277] rec[-276] rec[-264] rec[-446]
DETECTOR(4, 1, 1) rec[-275] rec[-263] rec[-262] rec[-250] rec[-445]
DETECTOR(4, 3, 1) rec[-274] rec[-262] rec[-261] rec[-249] rec[-444]
DETECTOR(4, 5, 1) rec[-273] rec[-261] rec[-260] rec[-248] rec[-443]
DETECTOR(4, 7, 1) rec[-272] rec[-260] rec[-259] rec[-247] rec[-442]
DETECTOR(4, 9, 1) rec[-271] rec[-259] rec[-258] rec[-246] rec[-441]
DETECTOR(4, 11, 1) rec[-270] rec[-258] rec[-257] rec[-245] rec[-440]
DETECTOR(4, 13, 1) rec[-269] rec[-257] rec[-256] rec[-244] rec[-439]
DETECTOR(4, 15, 1) rec[-268] rec[-256] rec[-255] rec[-243] rec[-438]
DETECTOR(4, 17, 1) rec[-267] rec[-255] rec[-254] rec[-242] rec[-437]
DETECTOR(4, 19, 1) rec[-266] rec[-254] rec[-253] rec[-241] rec[-436]
DETECTOR(4, 21, 1) rec[-265] rec[-253] rec[-252] rec[-240] rec[-435]
DETECTOR(4, 23, 1) rec[-264] rec[-252] rec[-251] rec[-239] rec[-434]
DETECTOR(6, 1, 1) rec[-250] rec[-238] rec[-237] rec[-225] rec[-433]
DETECTOR(6, 3, 1) rec[-249] rec[-237] rec[-236] rec[-224] rec[-432]
DETECTOR(6, 5, 1) rec[-248] rec[-236] rec[-235] rec[-223] rec[-431]
DETECTOR(6, 7, 1) rec[-247] rec[-235] rec[-234] rec[-222] rec[-430]
DETECTOR(6, 9, 1) rec[-246] rec[-234] rec[-233] rec[-221] rec[-429]
DETECTOR(6, 11, 1) rec[-245] rec[-233] rec[-232] rec[-220] rec[-428]
DETECTOR(6, 13, 1) rec[-244] rec[-232] rec[-231] rec[-219] rec[-427]
DETECTOR(6, 15, 1) rec[-243] rec[-231] rec[-230] rec[-218] rec[-426]
DETECTOR(6, 17, 1) rec[-242] rec[-230] rec[-229] rec[-217] rec[-425]
DETECTOR(6, 19, 1) rec[-241] rec[-229] rec[-228] rec[-216] rec[-424]
DETECTOR(6, 21, 1) rec[-240] rec[-228] rec[-227] rec[-215] rec[-423]
DETECTOR(6, 23, 1) rec[-239] rec[-227] rec[-226] rec[-214] rec[-422]
DETECTOR(8, 1, 1) rec[-225] rec[-213] rec[-212] rec[-200] rec[-421]
DETECTOR(8, 3, 1) rec[-224] rec[-212] rec[-211] rec[-199] rec[-420]
DETECTOR(8, 5, 1) rec[-223] rec[-211] rec[-210] rec[-198] rec[-419]
DETECTOR(8, 7, 1) rec[-222] rec[-210] rec[-209] rec[-197] rec[-418]
DETECTOR(8, 9, 1) rec[-221] rec[-209] rec[-208] rec[-196] rec[-417]
DETECTOR(8, 11, 1) rec[-220] rec[-208] rec[-207] rec[-195] rec[-416]
DETECTOR(8, 13, 1) rec[-219] rec[-207] rec[-206] rec[-194] rec[-415]
DETECTOR(8, 15, 1) rec[-218] rec[-206] rec[-205] rec[-193] rec[-414]
DETECTOR(8, 17, 1) rec[-217] rec[-205] rec[-204] rec[-192] rec[-413]
DETECTOR(8, 19, 1) rec[-216] rec[-204] rec[-203] rec[-191] rec[-412]
DETECTOR(8, 21, 1) rec[-215] rec[-203] rec[-202] rec[-190] rec[-411]
DETECTOR(8, 23, 1) rec[-214] rec[-202] rec[-201] rec[-189] rec[-410]
DETECTOR(10, 1, 1) rec[-200] rec[-188] rec[-187] rec[-175] rec[-409]
DETECTOR(10, 3, 1) rec[-199] rec[-187] rec[-186] rec[-174] rec[-408]
DETECTOR(10, 5, 1) rec[-198] rec[-186] rec[-185] rec[-173] rec[-407]
DETECTOR(10, 7, 1) rec[-197] rec[-185] rec[-184] rec[-172] rec[-406]
DETECTOR(10, 9, 1) rec[-196] rec[-184] rec[-183] rec[-171] rec[-405]
DETECTOR(10, 11, 1) rec[-195] rec[-183] rec[-182] rec[-170] rec[-404]
DETECTOR(10, 13, 1) rec[-194] rec[-182] rec[-181] rec[-169] rec[-403]
DETECTOR(10, 15, 1) rec[-193] rec[-181] rec[-180] rec[-168] rec[-402]
DETECTOR(10, 17, 1) rec[-192] rec[-180] rec[-179] rec[-167] rec[-401]
DETECTOR(10, 19, 1) rec[-191] rec[-179] rec[-178] rec[-166] rec[-400]
DETECTOR(10, 21, 1) rec[-190] rec[-178] rec[-177] rec[-165] rec[-399]
DETECTOR(10, 23, 1) rec[-189] rec[-177] rec[-176] rec[-164] rec[-398]
DETECTOR(12, 1, 1) rec[-175] rec[-163] rec[-162] rec[-150] rec[-397]
DETECTOR(12, 3, 1) rec[-174] rec[-162] rec[-161] rec[-149] rec[-396]
DETECTOR(12, 5, 1) rec[-173] rec[-161] rec[-160] rec[-148] rec[-395]
DETECTOR(12, 7, 1) rec[-172] rec[-160] rec[-159] rec[-147] rec[-394]
DETECTOR(12, 9, 1) rec[-171] rec[-159] rec[-158] rec[-146] rec[-393]
DETECTOR(12, 11, 1) rec[-170] rec[-158] rec[-157] rec[-145] rec[-392]
DETECTOR(12, 13, 1) rec[-169] rec[-157] rec[-156] rec[-144] rec[-391]
DETECTOR(12, 15, 1) rec[-168] rec[-156] rec[-155] rec[-143] rec[-390]
DETECTOR(12, 17, 1) rec[-167] rec[-155] rec[-154] rec[-142] rec[-389]
DETECTOR(12, 19, 1) rec[-166] rec[-154] rec[-153] rec[-141] rec[-388]
DETECTOR(12, 21, 1) rec[-165] rec[-153] rec[-152] rec[-140] rec[-387]
DETECTOR(12, 23, 1) rec[-164] rec[-152] rec[-151] rec[-139] rec[-386]
DETECTOR(14, 1, 1) rec[-150] rec[-138] rec[-137] rec[-125] rec[-385]
DETECTOR(14, 3, 1) rec[-149] rec[-137] rec[-136] rec[-124] rec[-384]
DETECTOR(14, 5, 1) rec[-148] rec[-136] rec[-135] rec[-123] rec[-383]
DETECTOR(14, 7, 1) rec[-147] rec[-135] rec[-134] rec[-122] rec[-382]
DETECTOR(14, 9, 1) rec[-146] rec[-134] rec[-133] rec[-121] rec[-381]
DETECTOR(14, 11, 1) rec[-145] rec[-133] rec[-132] rec[-120] rec[-380]
DETECTOR(14, 13, 1) rec[-144] rec[-132] rec[-131] rec[-119] rec[-379]
DETECTOR(14, 15, 1) rec[-143] rec[-131] rec[-130] rec[-118] rec[-378]
DETECTOR(14, 17, 1) rec[-142] rec[-130] rec[-129] rec[-117] rec[-377]
DETECTOR(14, 19, 1) rec[-141] rec[-129] rec[-128] rec[-116] rec[-376]
DETECTOR(14, 21, 1) rec[-140] rec[-128] rec[-127] rec[-115] rec[-375]
DETECTOR(14, 23, 1) rec[-139] rec[-127] rec[-126] rec[-114] rec[-374]
DETECTOR(16, 1, 1) rec[-125] rec[-113] rec[-112] rec[-100] rec[-373]
DETECTOR(16, 3, 1) rec[-124] rec[-112] rec[-111] rec[-99] rec[-372]
DETECTOR(16, 5, 1) rec[-123] rec[-111] rec[-110] rec[-98] rec[-371]
DETECTOR(16, 7, 1) rec[-122] rec[-110] rec[-109] rec[-97] rec[-370]
DETECTOR(16, 9, 1) rec[-121] rec[-109] rec[-108] rec[-96] rec[-369]
DETECTOR(16, 11, 1) rec[-120] rec[-108] rec[-107] rec[-95] rec[-368]
DETECTOR(16, 13, 1) rec[-119] rec[-107] rec[-106] rec[-94] rec[-367]
DETECTOR(16, 15, 1) rec[-118] rec[-106] rec[-105] rec[-93] rec[-366]
DETECTOR(16, 17, 1) rec[-117] rec[-105] rec[-104] rec[-92] rec[-365]
DETECTOR(16, 19, 1) rec[-116] rec[-104] rec[-103] rec[-91] rec[-364]
DETECTOR(16, 21, 1) rec[-115] rec[-103] rec[-102] rec[-90] rec[-363]
DETECTOR(16, 23, 1) rec[-114] rec[-102] rec[-101] rec[-89] rec[-362]
DETECTOR(18, 1, 1) rec[-100] rec[-88] rec[-87] rec[-75] rec[-361]
DETECTOR(18, 3, 1) rec[-99] rec[-87] rec[-86] rec[-74] rec[-360]
DETECTOR(18, 5, 1) rec[-98] rec[-86] rec[-85] rec[-73] rec[-359]
DETECTOR(18, 7, 1) rec[-97] rec[-85] rec[-84] rec[-72] rec[-358]
DETECTOR(18, 9, 1) rec[-96] rec[-84] rec[-83] rec[-71] rec[-357]
DETECTOR(18, 11, 1) rec[-95] rec[-83] rec[-82] rec[-70] rec[-356]
DETECTOR(18, 13, 1) rec[-94] rec[-82] rec[-81] rec[-69] rec[-355]
DETECTOR(18, 15, 1) rec[-93] rec[-81] rec[-80] rec[-68] rec[-354]
DETECTOR(18, 17, 1) rec[-92] rec[-80] rec[-79] rec[-67] rec[-353]
DETECTOR(18, 19, 1) rec[-91] rec[-79] rec[-78] rec[-66] rec[-352]
DETECTOR(18, 21, 1) rec[-90] rec[-78] rec[-77] rec[-65] rec[-351]
DETECTOR(18, 23, 1) rec[-89] rec[-77] rec[-76] rec[-64] rec[-350]
DETECTOR(20, 1, 1) rec[-75] rec[-63] rec[-62] rec[-50] rec[-349]
DETECTOR(20, 3, 1) rec[-74] rec[-62] rec[-61] rec[-49] rec[-348]
DETECTOR(20, 5, 1) rec[-73] rec[-61] rec[-60] rec[-48] rec[-347]
DETECTOR(20, 7, 1) rec[-72] rec[-60] rec[-59] rec[-47] rec[-346]
DETECTOR(20, 9, 1) rec[-71] rec[-59] rec[-58] rec[-46] rec[-345]
DETECTOR(20, 11, 1) rec[-70] rec[-58] rec[-57] rec[-45] rec[-344]
DETECTOR(20, 13, 1) rec[-69] rec[-57] rec[-56] rec[-44] rec[-343]
DETECTOR(20, 15, 1) rec[-68] rec[-56] rec[-55] rec[-43] rec[-342]
DETECTOR(20, 17, 1) rec[-67] rec[-55] rec[-54] rec[-42] rec[-341]
DETECTOR(20, 19, 1) rec[-66] rec[-54] rec[-53] rec[-41] rec[-340]
DETECTOR(20, 21, 1) rec[-65] rec[-53] rec[-52] rec[-40] rec[-339]
DETECTOR(20, 23, 1) rec[-64] rec[-52] rec[-51] rec[-39] rec[-338]
DETECTOR(22, 1, 1) rec[-50] rec[-38] rec[-37] rec[-25] rec[-337]
DETECTOR(22, 3, 1) rec[-49] rec[-37] rec[-36] rec[-24] rec[-336]
DETECTOR(22, 5, 1) rec[-48] rec[-36] rec[-35] rec[-23] rec[-335]
DETECTOR(22, 7, 1) rec[-47] rec[-35] rec[-34] rec[-22] rec[-334]
DETECTOR(22, 9, 1) rec[-46] rec[-34] rec[-33] rec[-21] rec[-333]
DETECTOR(22, 11, 1) rec[-45] rec[-33] rec[-32] rec[-20] rec[-332]
DETECTOR(22, 13, 1) rec[-44] rec[-32] rec[-31] rec[-19] rec[-331]
DETECTOR(22, 15, 1) rec[-43] rec[-31] rec[-30] rec[-18] rec[-330]
DETECTOR(22, 17, 1) rec[-42] rec[-30] rec[-29] rec[-17] rec[-329]
DETECTOR(22, 19, 1) rec[-41] rec[-29] rec[-28] rec[-16] rec[-328]
DETECTOR(22, 21, 1) rec[-40] rec[-28] rec[-27] rec[-15] rec[-327]
DETECTOR(22, 23, 1) rec[-39] rec[-27] rec[-26] rec[-14] rec[-326]
DETECTOR(24, 1, 1) rec[-25] rec[-13] rec[-12] rec[-325]
DETECTOR(24, 3, 1) rec[-24] rec[-12] rec[-11] rec[-324]
DETECTOR(24, 5, 1) rec[-23] rec[-11] rec[-10] rec[-323]
DETECTOR(24, 7, 1) rec[-22] rec[-10] rec[-9] rec[-322]
DETECTOR(24, 9, 1) rec[-21] rec[-9] rec[-8] rec[-321]
DETECTOR(24, 11, 1) rec[-20] rec[-8] rec[-7] rec[-320]
DETECTOR(24, 13, 1) rec[-19] rec[-7] rec[-6] rec[-319]
DETECTOR(24, 15, 1) rec[-18] rec[-6] rec[-5] rec[-318]
DETECTOR(24, 17, 1) rec[-17] rec[-5] rec[-4] rec[-317]
DETECTOR(24, 19, 1) rec[-16] rec[-4] rec[-3] rec[-316]
DETECTOR(24, 21, 1) rec[-15] rec[-3] rec[-2] rec[-315]
DETECTOR(24, 23, 1) rec[-14] rec[-2] rec[-1] rec[-314]
OBSERVABLE_INCLUDE(0) rec[-313] rec[-288] rec[-263] rec[-238] rec[-213] rec[-188] rec[-163] rec[-138] rec[-113] rec[-88] rec[-63] rec[-38] rec[-13]
DEPOLARIZE1(0.001) 469 470 471 472 473 474 475 476 477 478 479 480 481 482 483 484 485 486 487 488 489 490 491 492 493 494 495 496 497 498 499 500 501 502 503 504 505 506 507 508 509 510 511 512 513 514 515 516 517 518 519 520 521 522 523 524 525 526 527 528 529 530 531 532 533 534 535 536 537 538 539 540 541 542 543 544 545 546 547 548 549 550 551 552 553 554 555 556 557 558 559 560 561 562 563 564 565 566 567 568 569 570 571 572 573 574 575 576 577 578 579 580 581 582 583 584 585 586 587 588 589 590 591 592 593 594 595 596 597 598 599 600 601 602 603 604 605 606 607 608 609 610 611 612 613 614 615 616 617 618 619 620 621 622 623 624