QUBIT_COORDS(0, 0) 0
QUBIT_COORDS(0, 2) 1
QUBIT_COORDS(0, 4) 2
QUBIT_COORDS(0, 6) 3
QUBIT_COORDS(0, 8) 4
QUBIT_COORDS(0, 10) 5
QUBIT_COORDS(0, 12) 6
QUBIT_COORDS(0, 14) 7
QUBIT_COORDS(0, 16) 8
QUBIT_COORDS(0, 18) 9
QUBIT_COORDS(0, 20) 10
QUBIT_COORDS(1, 1) 11
QUBIT_COORDS(1, 3) 12
QUBIT_COORDS(1, 5) 13
QUBIT_COORDS(1, 7) 14
QUBIT_COORDS(1, 9) 15
QUBIT_COORDS(1, 11) 16
QUBIT_COORDS(1, 13) 17
QUBIT_COORDS(1, 15) 18
QUBIT_COORDS(1, 17) 19
QUBIT_COORDS(1, 19) 20
QUBIT_COORDS(2, 0) 21
QUBIT_COORDS(2, 2) 22
QUBIT_COORDS(2, 4) 23
QUBIT_COORDS(2, 6) 24
QUBIT_COORDS(2, 8) 25
QUBIT_COORDS(2, 10) 26
QUBIT_COORDS(2, 12) 27
QUBIT_COORDS(2, 14) 28
QUBIT_COORDS(2, 16) 29
QUBIT_COORDS(2, 18) 30
QUBIT_COORDS(2, 20) 31
QUBIT_COORDS(3, 1) 32
QUBIT_COORDS(3, 3) 33
QUBIT_COORDS(3, 5) 34
QUBIT_COORDS(3, 7) 35
QUBIT_COORDS(3, 9) 36
QUBIT_COORDS(3, 11) 37
QUBIT_COORDS(3, 13) 38
QUBIT_COORDS(3, 15) 39
QUBIT_COORDS(3, 17) 40
QUBIT_COORDS(3, 19) 41
QUBIT_COORDS(4, 0) 42
QUBIT_COORDS(4, 2) 43
QUBIT_COORDS(4, 4) 44
QUBIT_COORDS(4, 6) 45
QUBIT_COORDS(4, 8) 46
QUBIT_COORDS(4, 10) 47
QUBIT_COORDS(4, 12) 48
QUBIT_COORDS(4, 14) 49
QUBIT_COORDS(4, 16) 50
QUBIT_COORDS(4, 18) 51
QUBIT_COORDS(4, 20) 52
QUBIT_COORDS(5, 1) 53
QUBIT_COORDS(5, 3) 54
QUBIT_COORDS(5, 5) 55
QUBIT_COORDS(5, 7) 56
QUBIT_COORDS(5, 9) 57
QUBIT_COORDS(5, 11) 58
QUBIT_COORDS(5, 13) 59
QUBIT_COORDS(5, 15) 60
QUBIT_COORDS(5, 17) 61
QUBIT_COORDS(5, 19) 62
QUBIT_COORDS(6, 0) 63
QUBIT_COORDS(6, 2) 64
QUBIT_COORDS(6, 4) 65
QUBIT_COORDS(6, 6) 66
QUBIT_COORDS(6, 8) 67
QUBIT_COORDS(6, 10) 68
QUBIT_COORDS(6, 12) 69
QUBIT_COORDS(6, 14) 70
QUBIT_COORDS(6, 16) 71
QUBIT_COORDS(6, 18) 72
QUBIT_COORDS(6, 20) 73
QUBIT_COORDS(7, 1) 74
QUBIT_COORDS(7, 3) 75
QUBIT_COORDS(7, 5) 76
QUBIT_COORDS(7, 7) 77
QUBIT_COORDS(7, 9) 78
QUBIT_COORDS(7, 11) 79
QUBIT_COORDS(7, 13) 80
QUBIT_COORDS(7, 15) 81
QUBIT_COORDS(7, 17) 82
QUBIT_COORDS(7, 19) 83
QUBIT_COORDS(8, 0) 84
QUBIT_COORDS(8, 2) 85
QUBIT_COORDS(8, 4) 86
QUBIT_COORDS(8, 6) 87
QUBIT_COORDS(8, 8) 88
QUBIT_COORDS(8, 10) 89
QUBIT_COORDS(8, 12) 90
QUBIT_COORDS(8, 14) 91
QUBIT_COORDS(8, 16) 92
QUBIT_COORDS(8, 18) 93
QUBIT_COORDS(8, 20) 94
QUBIT_COORDS(9, 1) 95
QUBIT_COORDS(9, 3) 96
QUBIT_COORDS(9, 5) 97
QUBIT_COORDS(9, 7) 98
QUBIT_COORDS(9, 9) 99
QUBIT_COORDS(9, 11) 100
QUBIT_COORDS(9, 13) 101
QUBIT_COORDS(9, 15) 102
QUBIT_COORDS(9, 17) 103
QUBIT_COORDS(9, 19) 104
QUBIT_COORDS(10, 0) 105
QUBIT_COORDS(10, 2) 106
QUBIT_COORDS(10, 4) 107
QUBIT_COORDS(10, 6) 108
QUBIT_COORDS(10, 8) 109
QUBIT_COORDS(10, 10) 110
QUBIT_COORDS(10, 12) 111
QUBIT_COORDS(10, 14) 112
QUBIT_COORDS(10, 16) 113
QUBIT_COORDS(10, 18) 114
QUBIT_COORDS(10, 20) 115
QUBIT_COORDS(11, 1) 116
QUBIT_COORDS(11, 3) 117
QUBIT_COORDS(11, 5) 118
QUBIT_COORDS(11, 7) 119
QUBIT_COORDS(11, 9) 120
QUBIT_COORDS(11, 11) 121
QUBIT_COORDS(11, 13) 122
QUBIT_COORDS(11, 15) 123
QUBIT_COORDS(11, 17) 124
QUBIT_COORDS(11, 19) 125
QUBIT_COORDS(12, 0) 126
QUBIT_COORDS(12, 2) 127
QUBIT_COORDS(12, 4) 128
QUBIT_COORDS(12, 6) 129
QUBIT_COORDS(12, 8) 130
QUBIT_COORDS(12, 10) 131
QUBIT_COORDS(12, 12) 132
QUBIT_COORDS(12, 14) 133
QUBIT_COORDS(12, 16) 134
QUBIT_COORDS(12, 18) 135
QUBIT_COORDS(12, 20) 136
QUBIT_COORDS(13, 1) 137
QUBIT_COORDS(13, 3) 138
QUBIT_COORDS(13, 5) 139
QUBIT_COORDS(13, 7) 140
QUBIT_COORDS(13, 9) 141
QUBIT_COORDS(13, 11) 142
QUBIT_COORDS(13, 13) 143
QUBIT_COORDS(13, 15) 144
QUBIT_COORDS(13, 17) 145
QUBIT_COORDS(13, 19) 146
QUBIT_COORDS(14, 0) 147
QUBIT_COORDS(14, 2) 148
QUBIT_COORDS(14, 4) 149
QUBIT_COORDS(14, 6) 150
QUBIT_COORDS(14, 8) 151
QUBIT_COORDS(14, 10) 152
QUBIT_COORDS(14, 12) 153
QUBIT_COORDS(14, 14) 154
QUBIT_COORDS(14, 16) 155
QUBIT_COORDS(14, 18) 156
QUBIT_COORDS(14, 20) 157
QUBIT_COORDS(15, 1) 158
QUBIT_COORDS(15, 3) 159
QUBIT_COORDS(15, 5) 160
QUBIT_COORDS(15, 7) 161
QUBIT_COORDS(15, 9) 162
QUBIT_COORDS(15, 11) 163
QUBIT_COORDS(15, 13) 164
QUBIT_COORDS(15, 15) 165
QUBIT_COORDS(15, 17) 166
QUBIT_COORDS(15, 19) 167
QUBIT_COORDS(16, 0) 168
QUBIT_COORDS(16, 2) 169
QUBIT_COORDS(16, 4) 170
QUBIT_COORDS(16, 6) 171
QUBIT_COORDS(16, 8) 172
QUBIT_COORDS(16, 10) 173
QUBIT_COORDS(16, 12) 174
QUBIT_COORDS(16, 14) 175
QUBIT_COORDS(16, 16) 176
QUBIT_COORDS(16, 18) 177
QUBIT_COORDS(16, 20) 178
QUBIT_COORDS(17, 1) 179
QUBIT_COORDS(17, 3) 180
QUBIT_COORDS(17, 5) 181
QUBIT_COORDS(17, 7) 182
QUBIT_COORDS(17, 9) 183
QUBIT_COORDS(17, 11) 184
QUBIT_COORDS(17, 13) 185
QUBIT_COORDS(17, 15) 186
QUBIT_COORDS(17, 17) 187
QUBIT_COORDS(17, 19) 188
QUBIT_COORDS(18, 0) 189
QUBIT_COORDS(18, 2) 190
QUBIT_COORDS(18, 4) 191
QUBIT_COORDS(18, 6) 192
QUBIT_COORDS(18, 8) 193
QUBIT_COORDS(18, 10) 194
QUBIT_COORDS(18, 12) 195
QUBIT_COORDS(18, 14) 196
QUBIT_COORDS(18, 16) 197
QUBIT_COORDS(18, 18) 198
QUBIT_COORDS(18, 20) 199
QUBIT_COORDS(19, 1) 200
QUBIT_COORDS(19, 3) 201
QUBIT_COORDS(19, 5) 202
QUBIT_COORDS(19, 7) 203
QUBIT_COORDS(19, 9) 204
QUBIT_COORDS(19, 11) 205
QUBIT_COORDS(19, 13) 206
QUBIT_COORDS(19, 15) 207
QUBIT_COORDS(19, 17) 208
QUBIT_COORDS(19, 19) 209
QUBIT_COORDS(20, 0) 210
QUBIT_COORDS(20, 2) 211
QUBIT_COORDS(20, 4) 212
QUBIT_COORDS(20, 6) 213
QUBIT_COORDS(20, 8) 214
QUBIT_COORDS(20, 10) 215
QUBIT_COORDS(20, 12) 216
QUBIT_COORDS(20, 14) 217
QUBIT_COORDS(20, 16) 218
QUBIT_COORDS(20, 18) 219
QUBIT_COORDS(20, 20) 220
QUBIT_COORDS(0, 1) 221
QUBIT_COORDS(0, 3) 222
QUBIT_COORDS(0, 5) 223
QUBIT_COORDS(0, 7) 224
QUBIT_COORDS(0, 9) 225
QUBIT_COORDS(0, 11) 226
QUBIT_COORDS(0, 13) 227
QUBIT_COORDS(0, 15) 228
QUBIT_COORDS(0, 17) 229
QUBIT_COORDS(0, 19) 230
QUBIT_COORDS(2, 1) 231
QUBIT_COORDS(2, 3) 232
QUBIT_COORDS(2, 5) 233
QUBIT_COORDS(2, 7) 234
QUBIT_COORDS(2, 9) 235
QUBIT_COORDS(2, 11) 236
QUBIT_COORDS(2, 13) 237
QUBIT_COORDS(2, 15) 238
QUBIT_COORDS(2, 17) 239
QUBIT_COORDS(2, 19) 240
QUBIT_COORDS(4, 1) 241
QUBIT_COORDS(4, 3) 242
QUBIT_COORDS(4, 5) 243
QUBIT_COORDS(4, 7) 244
QUBIT_COORDS(4, 9) 245
QUBIT_COORDS(4, 11) 246
QUBIT_COORDS(4, 13) 247
QUBIT_COORDS(4, 15) 248
QUBIT_COORDS(4, 17) 249
QUBIT_COORDS(4, 19) 250
QUBIT_COORDS(6, 1) 251
QUBIT_COORDS(6, 3) 252
QUBIT_COORDS(6, 5) 253
QUBIT_COORDS(6, 7) 254
QUBIT_COORDS(6, 9) 255
QUBIT_COORDS(6, 11) 256
QUBIT_COORDS(6, 13) 257
QUBIT_COORDS(6, 15) 258
QUBIT_COORDS(6, 17) 259
QUBIT_COORDS(6, 19) 260
QUBIT_COORDS(8, 1) 261
QUBIT_COORDS(8, 3) 262
QUBIT_COORDS(8, 5) 263
QUBIT_COORDS(8, 7) 264
QUBIT_COORDS(8, 9) 265
QUBIT_COORDS(8, 11) 266
QUBIT_COORDS(8, 13) 267
QUBIT_COORDS(8, 15) 268
QUBIT_COORDS(8, 17) 269
QUBIT_COORDS(8, 19) 270
QUBIT_COORDS(10, 1) 271
QUBIT_COORDS(10, 3) 272
QUBIT_COORDS(10, 5) 273
QUBIT_COORDS(10, 7) 274
QUBIT_COORDS(10, 9) 275
QUBIT_COORDS(10, 11) 276
QUBIT_COORDS(10, 13) 277
QUBIT_COORDS(10, 15) 278
QUBIT_COORDS(10, 17) 279
QUBIT_COORDS(10, 19) 280
QUBIT_COORDS(12, 1) 281
QUBIT_COORDS(12, 3) 282
QUBIT_COORDS(12, 5) 283
QUBIT_COORDS(12, 7) 284
QUBIT_COORDS(12, 9) 285
QUBIT_COORDS(12, 11) 286
QUBIT_COORDS(12, 13) 287
QUBIT_COORDS(12, 15) 288
QUBIT_COORDS(12, 17) 289
QUBIT_COORDS(12, 19) 290
QUBIT_COORDS(14, 1) 291
QUBIT_COORDS(14, 3) 292
QUBIT_COORDS(14, 5) 293
QUBIT_COORDS(14, 7) 294
QUBIT_COORDS(14, 9) 295
QUBIT_COORDS(14, 11) 296
QUBIT_COORDS(14, 13) 297
QUBIT_COORDS(14, 15) 298
QUBIT_COORDS(14, 17) 299
QUBIT_COORDS(14, 19) 300
QUBIT_COORDS(16, 1) 301
QUBIT_COORDS(16, 3) 302
QUBIT_COORDS(16, 5) 303
QUBIT_COORDS(16, 7) 304
QUBIT_COORDS(16, 9) 305
QUBIT_COORDS(16, 11) 306
QUBIT_COORDS(16, 13) 307
QUBIT_COORDS(16, 15) 308
QUBIT_COORDS(16, 17) 309
QUBIT_COORDS(16, 19) 310
QUBIT_COORDS(18, 1) 311
QUBIT_COORDS(18, 3) 312
QUBIT_COORDS(18, 5) 313
QUBIT_COORDS(18, 7) 314
QUBIT_COORDS(18, 9) 315
QUBIT_COORDS(18, 11) 316
QUBIT_COORDS(18, 13) 317
QUBIT_COORDS(18, 15) 318
QUBIT_COORDS(18, 17) 319
QUBIT_COORDS(18, 19) 320
QUBIT_COORDS(20, 1) 321
QUBIT_COORDS(20, 3) 322
QUBIT_COORDS(20, 5) 323
QUBIT_COORDS(20, 7) 324
QUBIT_COORDS(20, 9) 325
QUBIT_COORDS(20, 11) 326
QUBIT_COORDS(20, 13) 327
QUBIT_COORDS(20, 15) 328
QUBIT_COORDS(20, 17) 329
QUBIT_COORDS(20, 19) 330
QUBIT_COORDS(1, 0) 331
QUBIT_COORDS(1, 2) 332
QUBIT_COORDS(1, 4) 333
QUBIT_COORDS(1, 6) 334
QUBIT_COORDS(1, 8) 335
QUBIT_COORDS(1, 10) 336
QUBIT_COORDS(1, 12) 337
QUBIT_COORDS(1, 14) 338
QUBIT_COORDS(1, 16) 339
QUBIT_COORDS(1, 18) 340
QUBIT_COORDS(1, 20) 341
QUBIT_COORDS(3, 0) 342
QUBIT_COORDS(3, 2) 343
QUBIT_COORDS(3, 4) 344
QUBIT_COORDS(3, 6) 345
QUBIT_COORDS(3, 8) 346
QUBIT_COORDS(3, 10) 347
QUBIT_COORDS(3, 12) 348
QUBIT_COORDS(3, 14) 349
QUBIT_COORDS(3, 16) 350
QUBIT_COORDS(3, 18) 351
QUBIT_COORDS(3, 20) 352
QUBIT_COORDS(5, 0) 353
QUBIT_COORDS(5, 2) 354
QUBIT_COORDS(5, 4) 355
QUBIT_COORDS(5, 6) 356
QUBIT_COORDS(5, 8) 357
QUBIT_COORDS(5, 10) 358
QUBIT_COORDS(5, 12) 359
QUBIT_COORDS(5, 14) 360
QUBIT_COORDS(5, 16) 361
QUBIT_COORDS(5, 18) 362
QUBIT_COORDS(5, 20) 363
QUBIT_COORDS(7, 0) 364
QUBIT_COORDS(7, 2) 365
QUBIT_COORDS(7, 4) 366
QUBIT_COORDS(7, 6) 367
QUBIT_COORDS(7, 8) 368
QUBIT_COORDS(7, 10) 369
QUBIT_COORDS(7, 12) 370
QUBIT_COORDS(7, 14) 371
QUBIT_COORDS(7, 16) 372
QUBIT_COORDS(7, 18) 373
QUBIT_COORDS(7, 20) 374
QUBIT_COORDS(9, 0) 375
QUBIT_COORDS(9, 2) 376
QUBIT_COORDS(9, 4) 377
QUBIT_COORDS(9, 6) 378
QUBIT_COORDS(9, 8) 379
QUBIT_COORDS(9, 10) 380
QUBIT_COORDS(9, 12) 381
QUBIT_COORDS(9, 14) 382
QUBIT_COORDS(9, 16) 383
QUBIT_COORDS(9, 18) 384
QUBIT_COORDS(9, 20) 385
QUBIT_COORDS(11, 0) 386
QUBIT_COORDS(11, 2) 387
QUBIT_COORDS(11, 4) 388
QUBIT_COORDS(11, 6) 389
QUBIT_COORDS(11, 8) 390
QUBIT_COORDS(11, 10) 391
QUBIT_COORDS(11, 12) 392
QUBIT_COORDS(11, 14) 393
QUBIT_COORDS(11, 16) 394
QUBIT_COORDS(11, 18) 395
QUBIT_COORDS(11, 20) 396
QUBIT_COORDS(13, 0) 397
QUBIT_COORDS(13, 2) 398
QUBIT_COORDS(13, 4) 399
QUBIT_COORDS(13, 6) 400
QUBIT_COORDS(13, 8) 401
QUBIT_COORDS(13, 10) 402
QUBIT_COORDS(13, 12) 403
QUBIT_COORDS(13, 14) 404
QUBIT_COORDS(13, 16) 405
QUBIT_COORDS(13, 18) 406
QUBIT_COORDS(13, 20) 407
QUBIT_COORDS(15, 0) 408
QUBIT_COORDS(15, 2) 409
QUBIT_COORDS(15, 4) 410
QUBIT_COORDS(15, 6) 411
QUBIT_COORDS(15, 8) 412
QUBIT_COORDS(15, 10) 413
QUBIT_COORDS(15, 12) 414
QUBIT_COORDS(15, 14) 415
QUBIT_COORDS(15, 16) 416
QUBIT_COORDS(15, 18) 417
QUBIT_COORDS(15, 20) 418
QUBIT_COORDS(17, 0) 419
QUBIT_COORDS(17, 2) 420
QUBIT_COORDS(17, 4) 421
QUBIT_COORDS(17, 6) 422
QUBIT_COORDS(17, 8) 423
QUBIT_COORDS(17, 10) 424
QUBIT_COORDS(17, 12) 425
QUBIT_COORDS(17, 14) 426
QUBIT_COORDS(17, 16) 427
QUBIT_COORDS(17, 18) 428
QUBIT_COORDS(17, 20) 429
QUBIT_COORDS(19, 0) 430
QUBIT_COORDS(19, 2) 431
QUBIT_COORDS(19, 4) 432
QUBIT_COORDS(19, 6) 433
QUBIT_COORDS(19, 8) 434
QUBIT_COORDS(19, 10) 435
QUBIT_COORDS(19, 12) 436
QUBIT_COORDS(19, 14) 437
QUBIT_COORDS(19, 16) 438
QUBIT_COORDS(19, 18) 439
QUBIT_COORDS(19, 20) 440
R 0 1 2 3 4 5 6 7 8 9 10 11 12 13 14 15 16 17 18 19 20 21 22 23 24 25 26 27 28 29 30 31 32 33 34 35 36 37 38 39 40 41 42 43 44 45 46 47 48 49 50 51 52 53 54 55 56 57 58 59 60 61 62 63 64 65 66 67 68 69 70 71 72 73 74 75 76 77 78 79 80 81 82 83 84 85 86 87 88 89 90 91 92 93 94 95 96 97 98 99 100 101 102 103 104 105 106 107 108 109 110 111 112 113 114 115 116 117 118 119 120 121 122 123 124 125 126 127 128 129 130 131 132 133 134 135 136 137 138 139 140 141 142 143 144 145 146 147 148 149 150 151 152 153 154 155 156 157 158 159 160 161 162 163 164 165 166 167 168 169 170 171 172 173 174 175 176 177 178 179 180 181 182 183 184 185 186 187 188 189 190 191 192 193 194 195 196 197 198 199 200 201 202 203 204 205 206 207 208 209 210 211 212 213 214 215 216 217 218 219 220 331 332 333 334 335 336 337 338 339 340 341 342 343 344 345 346 347 348 349 350 351 352 353 354 355 356 357 358 359 360 361 362 363 364 365 366 367 368 369 370 371 372 373 374 375 376 377 378 379 380 381 382 383 384 385 386 387 388 389 390 391 392 393 394 395 396 397 398 399 400 401 402 403 404 405 406 407 408 409 410 411 412 413 414 415 416 417 418 419 420 421 422 423 424 425 426 427 428 429 430 431 432 433 434 435 436 437 438 439 440
X_ERROR(0.02) 0 1 2 3 4 5 6 7 8 9 10 11 12 13 14 15 16 17 18 19 20 21 22 23 24 25 26 27 28 29 30 31 32 33 34 35 36 37 38 39 40 41 42 43 44 45 46 47 48 49 50 51 52 53 54 55 56 57 58 59 60 61 62 63 64 65 66 67 68 69 70 71 72 73 74 75 76 77 78 79 80 81 82 83 84 85 86 87 88 89 90 91 92 93 94 95 96 97 98 99 100 101 102 103 104 105 106 107 108 109 110 111 112 113 114 115 116 117 118 119 120 121 122 123 124 125 126 127 128 129 130 131 132 133 134 135 136 137 138 139 140 141 142 143 144 145 146 147 148 149 150 151 152 153 154 155 156 157 158 159 160 161 162 163 164 165 166 167 168 169 170 171 172 173 174 175 176 177 178 179 180 181 182 183 184 185 186 187 188 189 190 191 192 193 194 195 196 197 198 199 200 201 202 203 204 205 206 207 208 209 210 211 212 213 214 215 216 217 218 219 220 331 332 333 334 335 336 337 338 339 340 341 342 343 344 345 346 347 348 349 350 351 352 353 354 355 356 357 358 359 360 361 362 363 364 365 366 367 368 369 370 371 372 373 374 375 376 377 378 379 380 381 382 383 384 385 386 387 388 389 390 391 392 393 394 395 396 397 398 399 400 401 402 403 404 405 406 407 408 409 410 411 412 413 414 415 416 417 418 419 420 421 422 423 424 425 426 427 428 429 430 431 432 433 434 435 436 437 438 439 440
DEPOLARIZE1(0.001) 221 222 223 224 225 226 227 228 229 230 231 232 233 234 235 236 237 238 239 240 241 242 243 244 245 246 247 248 249 250 251 252 253 254 255 256 257 258 259 260 261 262 263 264 265 266 267 268 269 270 271 272 273 274 275 276 277 278 279 280 281 282 283 284 285 286 287 288 289 290 291 292 293 294 295 296 297 298 299 300 301 302 303 304 305 306 307 308 309 310 311 312 313 314 315 316 317 318 319 320 321 322 323 324 325 326 327 328 329 330
TICK
H 331 332 333 334 335 336 337 338 339 340 341 342 343 344 345 346 347 348 349 350 351 352 353 354 355 356 357 358 359 360 361 362 363 364 365 366 367 368 369 370 371 372 373 374 375 376 377 378 379 380 381 382 383 384 385 386 387 388 389 390 391 392 393 394 395 396 397 398 399 400 401 402 403 404 405 406 407 408 409 410 411 412 413 414 415 416 417 418 419 420 421 422 423 424 425 426 427 428 429 430 431 432 433 434 435 436 437 438 439 440
DEPOLARIZE1(0.001) 331 332 333 334 335 336 337 338 339 340 341 342 343 344 345 346 347 348 349 350 351 352 353 354 355 356 357 358 359 360 361 362 363 364 365 366 367 368 369 370 371 372 373 374 375 376 377 378 379 380 381 382 383 384 385 386 387 388 389 390 391 392 393 394 395 396 397 398 399 400 401 402 403 404 405 406 407 408 409 410 411 412 413 414 415 416 417 418 419 420 421 422 423 424 425 426 427 428 429 430 431 432 433 434 435 436 437 438 439 440 0 1 2 3 4 5 6 7 8 9 10 11 12 13 14 15 16 17 18 19 20 21 22 23 24 25 26 27 28 29 30 31 32 33 34 35 36 37 38 39 40 41 42 43 44 45 46 47 48 49 50 51 52 53 54 55 56 57 58 59 60 61 62 63 64 65 66 67 68 69 70 71 72 73 74 75 76 77 78 79 80 81 82 83 84 85 86 87 88 89 90 91 92 93 94 95 96 97 98 99 100 101 102 103 104 105 106 107 108 109 110 111 112 113 114 115 116 117 118 119 120 121 122 123 124 125 126 127 128 129 130 131 132 133 134 135 136 137 138 139 140 141 142 143 144 145 146 147 148 149 150 151 152 153 154 155 156 157 158 159 160 161 162 163 164 165 166 167 168 169 170 171 172 173 174 175 176 177 178 179 180 181 182 183 184 185 186 187 188 189 190 191 192 193 194 195 196 197 198 199 200 201 202 203 204 205 206 207 208 209 210 211 212 213 214 215 216 217 218 219 220 221 222 223 224 225 226 227 228 229 230 231 232 233 234 235 236 237 238 239 240 241 242 243 244 245 246 247 248 249 250 251 252 253 254 255 256 257 258 259 260 261 262 263 264 265 266 267 268 269 270 271 272 273 274 275 276 277 278 279 280 281 282 283 284 285 286 287 288 289 290 291 292 293 294 295 296 297 298 299 300 301 302 303 304 305 306 307 308 309 310 311 312 313 314 315 316 317 318 319 320 321 322 323 324 325 326 327 328 329 330
TICK
CZ 331 21 332 22 333 23 334 24 335 25 336 26 337 27 338 28 339 29 340 30 341 31 342 42 343 43 344 44 345 45 346 46 347 47 348 48 349 49 350 50 351 51 352 52 353 63 354 64 355 65 356 66 357 67 358 68 359 69 360 70 361 71 362 72 363 73 364 84 365 85 366 86 367 87 368 88 369 89 370 90 371 91 372 92 373 93 374 94 375 105 376 106 377 107 378 108 379 109 380 110 381 111 382 112 383 113 384 114 385 115 386 126 387 127 388 128 389 129 390 130 391 131 392 132 393 133 394 134 395 135 396 136 397 147 398 148 399 149 400 150 401 151 402 152 403 153 404 154 405 155 406 156 407 157 408 168 409 169 410 170 411 171 412 172 413 173 414 174 415 175 416 176 417 177 418 178 419 189 420 190 421 191 422 192 423 193 424 194 425 195 426 196 427 197 428 198 429 199 430 210 431 211 432 212 433 213 434 214 435 215 436 216 437 217 438 218 439 219 440 220
DEPOLARIZE2(0.01) 331 21 332 22 333 23 334 24 335 25 336 26 337 27 338 28 339 29 340 30 341 31 342 42 343 43 344 44 345 45 346 46 347 47 348 48 349 49 350 50 351 51 352 52 353 63 354 64 355 65 356 66 357 67 358 68 359 69 360 70 361 71 362 72 363 73 364 84 365 85 366 86 367 87 368 88 369 89 370 90 371 91 372 92 373 93 374 94 375 105 376 106 377 107 378 108 379 109 380 110 381 111 382 112 383 113 384 114 385 115 386 126 387 127 388 128 389 129 390 130 391 131 392 132 393 133 394 134 395 135 396 136 397 147 398 148 399 149 400 150 401 151 402 152 403 153 404 154 405 155 406 156 407 157 408 168 409 169 410 170 411 171 412 172 413 173 414 174 415 175 416 176 417 177 418 178 419 189 420 190 421 191 422 192 423 193 424 194 425 195 426 196 427 197 428 198 429 199 430 210 431 211 432 212 433 213 434 214 435 215 436 216 437 217 438 218 439 219 440 220
DEPOLARIZE1(0.001) 0 1 2 3 4 5 6 7 8 9 10 11 12 13 14 15 16 17 18 19 20 32 33 34 35 36 37 38 39 40 41 53 54 55 56 57 58 59 60 61 62 74 75 76 77 78 79 80 81 82 83 95 96 97 98 99 100 101 102 103 104 116 117 118 119 120 121 122 123 124 125 137 138 139 140 141 142 143 144 145 146 158 159 160 161 162 163 164 165 166 167 179 180 181 182 183 184 185 186 187 188 200 201 202 203 204 205 206 207 208 209 221 222 223 224 225 226 227 228 229 230 231 232 233 234 235 236 237 238 239 240 241 242 243 244 245 246 247 248 249 250 251 252 253 254 255 256 257 258 259 260 261 262 263 264 265 266 267 268 269 270 271 272 273 274 275 276 277 278 279 280 281 282 283 284 285 286 287 288 289 290 291 292 293 294 295 296 297 298 299 300 301 302 303 304 305 306 307 308 309 310 311 312 313 314 315 316 317 318 319 320 321 322 323 324 325 326 327 328 329 330
TICK
CZ 332 11 333 12 334 13 335 14 336 15 337 16 338 17 339 18 340 19 341 20 343 32 344 33 345 34 346 35 347 36 348 37 349 38 350 39 351 40 352 41 354 53 355 54 356 55 357 56 358 57 359 58 360 59 361 60 362 61 363 62 365 74 366 75 367 76 368 77 369 78 370 79 371 80 372 81 373 82 374 83 376 95 377 96 378 97 379 98 380 99 381 100 382 101 383 102 384 103 385 104 387 116 388 117 389 118 390 119 391 120 392 121 393 122 394 123 395 124 396 125 398 137 399 138 400 139 401 140 402 141 403 142 404 143 405 144 406 145 407 146 409 158 410 159 411 160 412 161 413 162 414 163 415 164 416 165 417 166 418 167 420 179 421 180 422 181 423 182 424 183 425 184 426 185 427 186 428 187 429 188 431 200 432 201 433 202 434 203 435 204 436 205 437 206 438 207 439 208 440 209
DEPOLARIZE2(0.01) 332 11 333 12 334 13 335 14 336 15 337 16 338 17 339 18 340 19 341 20 343 32 344 33 345 34 346 35 347 36 348 37 349 38 350 39 351 40 352 41 354 53 355 54 356 55 357 56 358 57 359 58 360 59 361 60 362 61 363 62 365 74 366 75 367 76 368 77 369 78 370 79 371 80 372 81 373 82 374 83 376 95 377 96 378 97 379 98 380 99 381 100 382 101 383 102 384 103 385 104 387 116 388 117 389 118 390 119 391 120 392 121 393 122 394 123 395 124 396 125 398 137 399 138 400 139 401 140 402 141 403 142 404 143 405 144 406 145 407 146 409 158 410 159 411 160 412 161 413 162 414 163 415 164 416 165 417 166 418 167 420 179 421 180 422 181 423 182 424 183 425 184 426 185 427 186 428 187 429 188 431 200 432 201 433 202 434 203 435 204 436 205 437 206 438 207 439 208 440 209
DEPOLARIZE1(0.001) 0 1 2 3 4 5 6 7 8 9 10 21 22 23 24 25 26 27 28 29 30 31 42 43 44 45 46 47 48 49 50 51 52 63 64 65 66 67 68 69 70 71 72 73 84 85 86 87 88 89 90 91 92 93 94 105 106 107 108 109 110 111 112 113 114 115 126 127 128 129 130 131 132 133 134 135 136 147 148 149 150 151 152 153 154 155 156 157 168 169 170 171 172 173 174 175 176 177 178 189 190 191 192 193 194 195 196 197 198 199 210 211 212 213 214 215 216 217 218 219 220 221 222 223 224 225 226 227 228 229 230 231 232 233 234 235 236 237 238 239 240 241 242 243 244 245 246 247 248 249 250 251 252 253 254 255 256 257 258 259 260 261 262 263 264 265 266 267 268 269 270 271 272 273 274 275 276 277 278 279 280 281 282 283 284 285 286 287 288 289 290 291 292 293 294 295 296 297 298 299 300 301 302 303 304 305 306 307 308 309 310 311 312 313 314 315 316 317 318 319 320 321 322 323 324 325 326 327 328 329 330 331 342 353 364 375 386 397 408 419 430
TICK
CZ 331 11 332 12 333 13 334 14 335 15 336 16 337 17 338 18 339 19 340 20 342 32 343 33 344 34 345 35 346 36 347 37 348 38 349 39 350 40 351 41 353 53 354 54 355 55 356 56 357 57 358 58 359 59 360 60 361 61 362 62 364 74 365 75 366 76 367 77 368 78 369 79 370 80 371 81 372 82 373 83 375 95 376 96 377 97 378 98 379 99 380 100 381 101 382 102 383 103 384 104 386 116 387 117 388 118 389 119 390 120 391 121 392 122 393 123 394 124 395 125 397 137 398 138 399 139 400 140 401 141 402 142 403 143 404 144 405 145 406 146 408 158 409 159 410 160 411 161 412 162 413 163 414 164 415 165 416 166 417 167 419 179 420 180 421 181 422 182 423 183 424 184 425 185 426 186 427 187 428 188 430 200 431 201 432 202 433 203 434 204 435 205 436 206 437 207 438 208 439 209
DEPOLARIZE2(0.01) 331 11 332 12 333 13 334 14 335 15 336 16 337 17 338 18 339 19 340 20 342 32 343 33 344 34 345 35 346 36 347 37 348 38 349 39 350 40 351 41 353 53 354 54 355 55 356 56 357 57 358 58 359 59 360 60 361 61 362 62 364 74 365 75 366 76 367 77 368 78 369 79 370 80 371 81 372 82 373 83 375 95 376 96 377 97 378 98 379 99 380 100 381 101 382 102 383 103 384 104 386 116 387 117 388 118 389 119 390 120 391 121 392 122 393 123 394 124 395 125 397 137 398 138 399 139 400 140 401 141 402 142 403 143 404 144 405 145 406 146 408 158 409 159 410 160 411 161 412 162 413 163 414 164 415 165 416 166 417 167 419 179 420 180 421 181 422 182 423 183 424 184 425 185 426 186 427 187 428 188 430 200 431 201 432 202 433 203 434 204 435 205 436 206 437 207 438 208 439 209
DEPOLARIZE1(0.001) 0 1 2 3 4 5 6 7 8 9 10 21 22 23 24 25 26 27 28 29 30 31 42 43 44 45 46 47 48 49 50 51 52 63 64 65 66 67 68 69 70 71 72 73 84 85 86 87 88 89 90 91 92 93 94 105 106 107 108 109 110 111 112 113 114 115 126 127 128 129 130 131 132 133 134 135 136 147 148 149 150 151 152 153 154 155 156 157 168 169 170 171 172 173 174 175 176 177 178 189 190 191 192 193 194 195 196 197 198 199 210 211 212 213 214 215 216 217 218 219 220 221 222 223 224 225 226 227 228 229 230 231 232 233 234 235 236 237 238 239 240 241 242 243 244 245 246 247 248 249 250 251 252 253 254 255 256 257 258 259 260 261 262 263 264 265 266 267 268 269 270 271 272 273 274 275 276 277 278 279 280 281 282 283 284 285 286 287 288 289 290 291 292 293 294 295 296 297 298 299 300 301 302 303 304 305 306 307 308 309 310 311 312 313 314 315 316 317 318 319 320 321 322 323 324 325 326 327 328 329 330 341 352 363 374 385 396 407 418 429 440
TICK
CZ 331 0 332 1 333 2 334 3 335 4 336 5 337 6 338 7 339 8 340 9 341 10 342 21 343 22 344 23 345 24 346 25 347 26 348 27 349 28 350 29 351 30 352 31 353 42 354 43 355 44 356 45 357 46 358 47 359 48 360 49 361 50 362 51 363 52 364 63 365 64 366 65 367 66 368 67 369 68 370 69 371 70 372 71 373 72 374 73 375 84 376 85 377 86 378 87 379 88 380 89 381 90 382 91 383 92 384 93 385 94 386 105 387 106 388 107 389 108 390 109 391 110 392 111 393 112 394 113 395 114 396 115 397 126 398 127 399 128 400 129 401 130 402 131 403 132 404 133 405 134 406 135 407 136 408 147 409 148 410 149 411 150 412 151 413 152 414 153 415 154 416 155 417 156 418 157 419 168 420 169 421 170 422 171 423 172 424 173 425 174 426 175 427 176 428 177 429 178 430 189 431 190 432 191 433 192 434 193 435 194 436 195 437 196 438 197 439 198 440 199
R 221 222 223 224 225 226 227 228 229 230 231 232 233 234 235 236 237 238 239 240 241 242 243 244 245 246 247 248 249 250 251 252 253 254 255 256 257 258 259 260 261 262 263 264 265 266 267 268 269 270 271 272 273 274 275 276 277 278 279 280 281 282 283 284 285 286 287 288 289 290 291 292 293 294 295 296 297 298 299 300 301 302 303 304 305 306 307 308 309 310 311 312 313 314 315 316 317 318 319 320 321 322 323 324 325 326 327 328 329 330
DEPOLARIZE2(0.01) 331 0 332 1 333 2 334 3 335 4 336 5 337 6 338 7 339 8 340 9 341 10 342 21 343 22 344 23 345 24 346 25 347 26 348 27 349 28 350 29 351 30 352 31 353 42 354 43 355 44 356 45 357 46 358 47 359 48 360 49 361 50 362 51 363 52 364 63 365 64 366 65 367 66 368 67 369 68 370 69 371 70 372 71 373 72 374 73 375 84 376 85 377 86 378 87 379 88 380 89 381 90 382 91 383 92 384 93 385 94 386 105 387 106 388 107 389 108 390 109 391 110 392 111 393 112 394 113 395 114 396 115 397 126 398 127 399 128 400 129 401 130 402 131 403 132 404 133 405 134 406 135 407 136 408 147 409 148 410 149 411 150 412 151 413 152 414 153 415 154 416 155 417 156 418 157 419 168 420 169 421 170 422 171 423 172 424 173 425 174 426 175 427 176 428 177 429 178 430 189 431 190 432 191 433 192 434 193 435 194 436 195 437 196 438 197 439 198 440 199
X_ERROR(0.02) 221 222 223 224 225 226 227 228 229 230 231 232 233 234 235 236 237 238 239 240 241 242 243 244 245 246 247 248 249 250 251 252 253 254 255 256 257 258 259 260 261 262 263 264 265 266 267 268 269 270 271 272 273 274 275 276 277 278 279 280 281 282 283 284 285 286 287 288 289 290 291 292 293 294 295 296 297 298 299 300 301 302 303 304 305 306 307 308 309 310 311 312 313 314 315 316 317 318 319 320 321 322 323 324 325 326 327 328 329 330
DEPOLARIZE1(0.001) 11 12 13 14 15 16 17 18 19 20 32 33 34 35 36 37 38 39 40 41 53 54 55 56 57 58 59 60 61 62 74 75 76 77 78 79 80 81 82 83 95 96 97 98 99 100 101 102 103 104 116 117 118 119 120 121 122 123 124 125 137 138 139 140 141 142 143 144 145 146 158 159 160 161 162 163 164 165 166 167 179 180 181 182 183 184 185 186 187 188 200 201 202 203 204 205 206 207 208 209 210 211 212 213 214 215 216 217 218 219 220
TICK
H 0 1 2 3 4 5 6 7 8 9 10 11 12 13 14 15 16 17 18 19 20 21 22 23 24 25 26 27 28 29 30 31 32 33 34 35 36 37 38 39 40 41 42 43 44 45 46 47 48 49 50 51 52 53 54 55 56 57 58 59 60 61 62 63 64 65 66 67 68 69 70 71 72 73 74 75 76 77 78 79 80 81 82 83 84 85 86 87 88 89 90 91 92 93 94 95 96 97 98 99 100 101 102 103 104 105 106 107 108 109 110 111 112 113 114 115 116 117 118 119 120 121 122 123 124 125 126 127 128 129 130 131 132 133 134 135 136 137 138 139 140 141 142 143 144 145 146 147 148 149 150 151 152 153 154 155 156 157 158 159 160 161 162 163 164 165 166 167 168 169 170 171 172 173 174 175 176 177 178 179 180 181 182 183 184 185 186 187 188 189 190 191 192 193 194 195 196 197 198 199 200 201 202 203 204 205 206 207 208 209 210 211 212 213 214 215 216 217 218 219 220 221 222 223 224 225 226 227 228 229 230 231 232 233 234 235 236 237 238 239 240 241 242 243 244 245 246 247 248 249 250 251 252 253 254 255 256 257 258 259 260 261 262 263 264 265 266 267 268 269 270 271 272 273 274 275 276 277 278 279 280 281 282 283 284 285 286 287 288 289 290 291 292 293 294 295 296 297 298 299 300 301 302 303 304 305 306 307 308 309 310 311 312 313 314 315 316 317 318 319 320 321 322 323 324 325 326 327 328 329 330 331 332 333 334 335 336 337 338 339 340 341 342 343 344 345 346 347 348 349 350 351 352 353 354 355 356 357 358 359 360 361 362 363 364 365 366 367 368 369 370 371 372 373 374 375 376 377 378 379 380 381 382 383 384 385 386 387 388 389 390 391 392 393 394 395 396 397 398 399 400 401 402 403 404 405 406 407 408 409 410 411 412 413 414 415 416 417 418 419 420 421 422 423 424 425 426 427 428 429 430 431 432 433 434 435 436 437 438 439 440
DEPOLARIZE1(0.001) 0 1 2 3 4 5 6 7 8 9 10 11 12 13 14 15 16 17 18 19 20 21 22 23 24 25 26 27 28 29 30 31 32 33 34 35 36 37 38 39 40 41 42 43 44 45 46 47 48 49 50 51 52 53 54 55 56 57 58 59 60 61 62 63 64 65 66 67 68 69 70 71 72 73 74 75 76 77 78 79 80 81 82 83 84 85 86 87 88 89 90 91 92 93 94 95 96 97 98 99 100 101 102 103 104 105 106 107 108 109 110 111 112 113 114 115 116 117 118 119 120 121 122 123 124 125 126 127 128 129 130 131 132 133 134 135 136 137 138 139 140 141 142 143 144 145 146 147 148 149 150 151 152 153 154 155 156 157 158 159 160 161 162 163 164 165 166 167 168 169 170 171 172 173 174 175 176 177 178 179 180 181 182 183 184 185 186 187 188 189 190 191 192 193 194 195 196 197 198 199 200 201 202 203 204 205 206 207 208 209 210 211 212 213 214 215 216 217 218 219 220 221 222 223 224 225 226 227 228 229 230 231 232 233 234 235 236 237 238 239 240 241 242 243 244 245 246 247 248 249 250 251 252 253 254 255 256 257 258 259 260 261 262 263 264 265 266 267 268 269 270 271 272 273 274 275 276 277 278 279 280 281 282 283 284 285 286 287 288 289 290 291 292 293 294 295 296 297 298 299 300 301 302 303 304 305 306 307 308 309 310 311 312 313 314 315 316 317 318 319 320 321 322 323 324 325 326 327 328 329 330 331 332 333 334 335 336 337 338 339 340 341 342 343 344 345 346 347 348 349 350 351 352 353 354 355 356 357 358 359 360 361 362 363 364 365 366 367 368 369 370 371 372 373 374 375 376 377 378 379 380 381 382 383 384 385 386 387 388 389 390 391 392 393 394 395 396 397 398 399 400 401 402 403 404 405 406 407 408 409 410 411 412 413 414 415 416 417 418 419 420 421 422 423 424 425 426 427 428 429 430 431 432 433 434 435 436 437 438 439 440
TICK
X_ERROR(0.05) 331 332 333 334 335 336 337 338 339 340 341 342 343 344 345 346 347 348 349 350 351 352 353 354 355 356 357 358 359 360 361 362 363 364 365 366 367 368 369 370 371 372 373 374 375 376 377 378 379 380 381 382 383 384 385 386 387 388 389 390 391 392 393 394 395 396 397 398 399 400 401 402 403 404 405 406 407 408 409 410 411 412 413 414 415 416 417 418 419 420 421 422 423 424 425 426 427 428 429 430 431 432 433 434 435 436 437 438 439 440
M 331 332 333 334 335 336 337 338 339 340 341 342 343 344 345 346 347 348 349 350 351 352 353 354 355 356 357 358 359 360 361 362 363 364 365 366 367 368 369 370 371 372 373 374 375 376 377 378 379 380 381 382 383 384 385 386 387 388 389 390 391 392 393 394 395 396 397 398 399 400 401 402 403 404 405 406 407 408 409 410 411 412 413 414 415 416 417 418 419 420 421 422 423 424 425 426 427 428 429 430 431 432 433 434 435 436 437 438 439 440
DETECTOR(1, 0, 0) rec[-110]
DETECTOR(1, 2, 0) rec[-109]
DETECTOR(1, 4, 0) rec[-108]
DETECTOR(1, 6, 0) rec[-107]
DETECTOR(1, 8, 0) rec[-106]
DETECTOR(1, 10, 0) rec[-105]
DETECTOR(1, 12, 0) rec[-104]
DETECTOR(1, 14, 0) rec[-103]
DETECTOR(1, 16, 0) rec[-102]
DETECTOR(1, 18, 0) rec[-101]
DETECTOR(1, 20, 0) rec[-100]
DETECTOR(3, 0, 0) rec[-99]
DETECTOR(3, 2, 0) rec[-98]
DETECTOR(3, 4, 0) rec[-97]
DETECTOR(3, 6, 0) rec[-96]
DETECTOR(3, 8, 0) rec[-95]
DETECTOR(3, 10, 0) rec[-94]
DETECTOR(3, 12, 0) rec[-93]
DETECTOR(3, 14, 0) rec[-92]
DETECTOR(3, 16, 0) rec[-91]
DETECTOR(3, 18, 0) rec[-90]
DETECTOR(3, 20, 0) rec[-89]
DETECTOR(5, 0, 0) rec[-88]
DETECTOR(5, 2, 0) rec[-87]
DETECTOR(5, 4, 0) rec[-86]
DETECTOR(5, 6, 0) rec[-85]
DETECTOR(5, 8, 0) rec[-84]
DETECTOR(5, 10, 0) rec[-83]
DETECTOR(5, 12, 0) rec[-82]
DETECTOR(5, 14, 0) rec[-81]
DETECTOR(5, 16, 0) rec[-80]
DETECTOR(5, 18, 0) rec[-79]
DETECTOR(5, 20, 0) rec[-78]
DETECTOR(7, 0, 0) rec[-77]
DETECTOR(7, 2, 0) rec[-76]
DETECTOR(7, 4, 0) rec[-75]
DETECTOR(7, 6, 0) rec[-74]
DETECTOR(7, 8, 0) rec[-73]
DETECTOR(7, 10, 0) rec[-72]
DETECTOR(7, 12, 0) rec[-71]
DETECTOR(7, 14, 0) rec[-70]
DETECTOR(7, 16, 0) rec[-69]
DETECTOR(7, 18, 0) rec[-68]
DETECTOR(7, 20, 0) rec[-67]
DETECTOR(9, 0, 0) rec[-66]
DETECTOR(9, 2, 0) rec[-65]
DETECTOR(9, 4, 0) rec[-64]
DETECTOR(9, 6, 0) rec[-63]
DETECTOR(9, 8, 0) rec[-62]
DETECTOR(9, 10, 0) rec[-61]
DETECTOR(9, 12, 0) rec[-60]
DETECTOR(9, 14, 0) rec[-59]
DETECTOR(9, 16, 0) rec[-58]
DETECTOR(9, 18, 0) rec[-57]
DETECTOR(9, 20, 0) rec[-56]
DETECTOR(11, 0, 0) rec[-55]
DETECTOR(11, 2, 0) rec[-54]
DETECTOR(11, 4, 0) rec[-53]
DETECTOR(11, 6, 0) rec[-52]
DETECTOR(11, 8, 0) rec[-51]
DETECTOR(11, 10, 0) rec[-50]
DETECTOR(11, 12, 0) rec[-49]
DETECTOR(11, 14, 0) rec[-48]
DETECTOR(11, 16, 0) rec[-47]
DETECTOR(11, 18, 0) rec[-46]
DETECTOR(11, 20, 0) rec[-45]
DETECTOR(13, 0, 0) rec[-44]
DETECTOR(13, 2, 0) rec[-43]
DETECTOR(13, 4, 0) rec[-42]
DETECTOR(13, 6, 0) rec[-41]
DETECTOR(13, 8, 0) rec[-40]
DETECTOR(13, 10, 0) rec[-39]
DETECTOR(13, 12, 0) rec[-38]
DETECTOR(13, 14, 0) rec[-37]
DETECTOR(13, 16, 0) rec[-36]
DETECTOR(13, 18, 0) rec[-35]
DETECTOR(13, 20, 0) rec[-34]
DETECTOR(15, 0, 0) rec[-33]
DETECTOR(15, 2, 0) rec[-32]
DETECTOR(15, 4, 0) rec[-31]
DETECTOR(15, 6, 0) rec[-30]
DETECTOR(15, 8, 0) rec[-29]
DETECTOR(15, 10, 0) rec[-28]
DETECTOR(15, 12, 0) rec[-27]
DETECTOR(15, 14, 0) rec[-26]
DETECTOR(15, 16, 0) rec[-25]
DETECTOR(15, 18, 0) rec[-24]
DETECTOR(15, 20, 0) rec[-23]
DETECTOR(17, 0, 0) rec[-22]
DETECTOR(17, 2, 0) rec[-21]
DETECTOR(17, 4, 0) rec[-20]
DETECTOR(17, 6, 0) rec[-19]
DETECTOR(17, 8, 0) rec[-18]
DETECTOR(17, 10, 0) rec[-17]
DETECTOR(17, 12, 0) rec[-16]
DETECTOR(17, 14, 0) rec[-15]
DETECTOR(17, 16, 0) rec[-14]
DETECTOR(17, 18, 0) rec[-13]
DETECTOR(17, 20, 0) rec[-12]
DETECTOR(19, 0, 0) rec[-11]
DETECTOR(19, 2, 0) rec[-10]
DETECTOR(19, 4, 0) rec[-9]
DETECTOR(19, 6, 0) rec[-8]
DETECTOR(19, 8, 0) rec[-7]
DETECTOR(19, 10, 0) rec[-6]
DETECTOR(19, 12, 0) rec[-5]
DETECTOR(19, 14, 0) rec[-4]
DETECTOR(19, 16, 0) rec[-3]
DETECTOR(19, 18, 0) rec[-2]
DETECTOR(19, 20, 0) rec[-1]
CZ 221 11 222 12 223 13 224 14 225 15 226 16 227 17 228 18 229 19 230 20 231 32 232 33 233 34 234 35 235 36 236 37 237 38 238 39 239 40 240 41 241 53 242 54 243 55 244 56 245 57 246 58 247 59 248 60 249 61 250 62 251 74 252 75 253 76 254 77 255 78 256 79 257 80 258 81 259 82 260 83 261 95 262 96 263 97 264 98 265 99 266 100 267 101 268 102 269 103 270 104 271 116 272 117 273 118 274 119 275 120 276 121 277 122 278 123 279 124 280 125 281 137 282 138 283 139 284 140 285 141 286 142 287 143 288 144 289 145 290 146 291 158 292 159 293 160 294 161 295 162 296 163 297 164 298 165 299 166 300 167 301 179 302 180 303 181 304 182 305 183 306 184 307 185 308 186 309 187 310 188 311 200 312 201 313 202 314 203 315 204 316 205 317 206 318 207 319 208 320 209
DEPOLARIZE2(0.01) 221 11 222 12 223 13 224 14 225 15 226 16 227 17 228 18 229 19 230 20 231 32 232 33 233 34 234 35 235 36 236 37 237 38 238 39 239 40 240 41 241 53 242 54 243 55 244 56 245 57 246 58 247 59 248 60 249 61 250 62 251 74 252 75 253 76 254 77 255 78 256 79 257 80 258 81 259 82 260 83 261 95 262 96 263 97 264 98 265 99 266 100 267 101 268 102 269 103 270 104 271 116 272 117 273 118 274 119 275 120 276 121 277 122 278 123 279 124 280 125 281 137 282 138 283 139 284 140 285 141 286 142 287 143 288 144 289 145 290 146 291 158 292 159 293 160 294 161 295 162 296 163 297 164 298 165 299 166 300 167 301 179 302 180 303 181 304 182 305 183 306 184 307 185 308 186 309 187 310 188 311 200 312 201 313 202 314 203 315 204 316 205 317 206 318 207 319 208 320 209
DEPOLARIZE1(0.001) 0 1 2 3 4 5 6 7 8 9 10 21 22 23 24 25 26 27 28 29 30 31 42 43 44 45 46 47 48 49 50 51 52 63 64 65 66 67 68 69 70 71 72 73 84 85 86 87 88 89 90 91 92 93 94 105 106 107 108 109 110 111 112 113 114 115 126 127 128 129 130 131 132 133 134 135 136 147 148 149 150 151 152 153 154 155 156 157 168 169 170 171 172 173 174 175 176 177 178 189 190 191 192 193 194 195 196 197 198 199 210 211 212 213 214 215 216 217 218 219 220 321 322 323 324 325 326 327 328 329 330
TICK
CZ 221 1 222 2 223 3 224 4 225 5 226 6 227 7 228 8 229 9 230 10 231 22 232 23 233 24 234 25 235 26 236 27 237 28 238 29 239 30 240 31 241 43 242 44 243 45 244 46 245 47 246 48 247 49 248 50 249 51 250 52 251 64 252 65 253 66 254 67 255 68 256 69 257 70 258 71 259 72 260 73 261 85 262 86 263 87 264 88 265 89 266 90 267 91 268 92 269 93 270 94 271 106 272 107 273 108 274 109 275 110 276 111 277 112 278 113 279 114 280 115 281 127 282 128 283 129 284 130 285 131 286 132 287 133 288 134 289 135 290 136 291 148 292 149 293 150 294 151 295 152 296 153 297 154 298 155 299 156 300 157 301 169 302 170 303 171 304 172 305 173 306 174 307 175 308 176 309 177 310 178 311 190 312 191 313 192 314 193 315 194 316 195 317 196 318 197 319 198 320 199 321 211 322 212 323 213 324 214 325 215 326 216 327 217 328 218 329 219 330 220
DEPOLARIZE2(0.01) 221 1 222 2 223 3 224 4 225 5 226 6 227 7 228 8 229 9 230 10 231 22 232 23 233 24 234 25 235 26 236 27 237 28 238 29 239 30 240 31 241 43 242 44 243 45 244 46 245 47 246 48 247 49 248 50 249 51 250 52 251 64 252 65 253 66 254 67 255 68 256 69 257 70 258 71 259 72 260 73 261 85 262 86 263 87 264 88 265 89 266 90 267 91 268 92 269 93 270 94 271 106 272 107 273 108 274 109 275 110 276 111 277 112 278 113 279 114 280 115 281 127 282 128 283 129 284 130 285 131 286 132 287 133 288 134 289 135 290 136 291 148 292 149 293 150 294 151 295 152 296 153 297 154 298 155 299 156 300 157 301 169 302 170 303 171 304 172 305 173 306 174 307 175 308 176 309 177 310 178 311 190 312 191 313 192 314 193 315 194 316 195 317 196 318 197 319 198 320 199 321 211 322 212 323 213 324 214 325 215 326 216 327 217 328 218 329 219 330 220
DEPOLARIZE1(0.001) 0 11 12 13 14 15 16 17 18 19 20 21 32 33 34 35 36 37 38 39 40 41 42 53 54 55 56 57 58 59 60 61 62 63 74 75 76 77 78 79 80 81 82 83 84 95 96 97 98 99 100 101 102 103 104 105 116 117 118 119 120 121 122 123 124 125 126 137 138 139 140 141 142 143 144 145 146 147 158 159 160 161 162 163 164 165 166 167 168 179 180 181 182 183 184 185 186 187 188 189 200 201 202 203 204 205 206 207 208 209 210 331 332 333 334 335 336 337 338 339 340 341 342 343 344 345 346 347 348 349 350 351 352 353 354 355 356 357 358 359 360 361 362 363 364 365 366 367 368 369 370 371 372 373 374 375 376 377 378 379 380 381 382 383 384 385 386 387 388 389 390 391 392 393 394 395 396 397 398 399 400 401 402 403 404 405 406 407 408 409 410 411 412 413 414 415 416 417 418 419 420 421 422 423 424 425 426 427 428 429 430 431 432 433 434 435 436 437 438 439 440
TICK
CZ 221 0 222 1 223 2 224 3 225 4 226 5 227 6 228 7 229 8 230 9 231 21 232 22 233 23 234 24 235 25 236 26 237 27 238 28 239 29 240 30 241 42 242 43 243 44 244 45 245 46 246 47 247 48 248 49 249 50 250 51 251 63 252 64 253 65 254 66 255 67 256 68 257 69 258 70 259 71 260 72 261 84 262 85 263 86 264 87 265 88 266 89 267 90 268 91 269 92 270 93 271 105 272 106 273 107 274 108 275 109 276 110 277 111 278 112 279 113 280 114 281 126 282 127 283 128 284 129 285 130 286 131 287 132 288 133 289 134 290 135 291 147 292 148 293 149 294 150 295 151 296 152 297 153 298 154 299 155 300 156 301 168 302 169 303 170 304 171 305 172 306 173 307 174 308 175 309 176 310 177 311 189 312 190 313 191 314 192 315 193 316 194 317 195 318 196 319 197 320 198 321 210 322 211 323 212 324 213 325 214 326 215 327 216 328 217 329 218 330 219
DEPOLARIZE2(0.01) 221 0 222 1 223 2 224 3 225 4 226 5 227 6 228 7 229 8 230 9 231 21 232 22 233 23 234 24 235 25 236 26 237 27 238 28 239 29 240 30 241 42 242 43 243 44 244 45 245 46 246 47 247 48 248 49 249 50 250 51 251 63 252 64 253 65 254 66 255 67 256 68 257 69 258 70 259 71 260 72 261 84 262 85 263 86 264 87 265 88 266 89 267 90 268 91 269 92 270 93 271 105 272 106 273 107 274 108 275 109 276 110 277 111 278 112 279 113 280 114 281 126 282 127 283 128 284 129 285 130 286 131 287 132 288 133 289 134 290 135 291 147 292 148 293 149 294 150 295 151 296 152 297 153 298 154 299 155 300 156 301 168 302 169 303 170 304 171 305 172 306 173 307 174 308 175 309 176 310 177 311 189 312 190 313 191 314 192 315 193 316 194 317 195 318 196 319 197 320 198 321 210 322 211 323 212 324 213 325 214 326 215 327 216 328 217 329 218 330 219
DEPOLARIZE1(0.001) 10 11 12 13 14 15 16 17 18 19 20 31 32 33 34 35 36 37 38 39 40 41 52 53 54 55 56 57 58 59 60 61 62 73 74 75 76 77 78 79 80 81 82 83 94 95 96 97 98 99 100 101 102 103 104 115 116 117 118 119 120 121 122 123 124 125 136 137 138 139 140 141 142 143 144 145 146 157 158 159 160 161 162 163 164 165 166 167 178 179 180 181 182 183 184 185 186 187 188 199 200 201 202 203 204 205 206 207 208 209 220 331 332 333 334 335 336 337 338 339 340 341 342 343 344 345 346 347 348 349 350 351 352 353 354 355 356 357 358 359 360 361 362 363 364 365 366 367 368 369 370 371 372 373 374 375 376 377 378 379 380 381 382 383 384 385 386 387 388 389 390 391 392 393 394 395 396 397 398 399 400 401 402 403 404 405 406 407 408 409 410 411 412 413 414 415 416 417 418 419 420 421 422 423 424 425 426 427 428 429 430 431 432 433 434 435 436 437 438 439 440
TICK
CZ 231 11 232 12 233 13 234 14 235 15 236 16 237 17 238 18 239 19 240 20 241 32 242 33 243 34 244 35 245 36 246 37 247 38 248 39 249 40 250 41 251 53 252 54 253 55 254 56 255 57 256 58 257 59 258 60 259 61 260 62 261 74 262 75 263 76 264 77 265 78 266 79 267 80 268 81 269 82 270 83 271 95 272 96 273 97 274 98 275 99 276 100 277 101 278 102 279 103 280 104 281 116 282 117 283 118 284 119 285 120 286 121 287 122 288 123 289 124 290 125 291 137 292 138 293 139 294 140 295 141 296 142 297 143 298 144 299 145 300 146 301 158 302 159 303 160 304 161 305 162 306 163 307 164 308 165 309 166 310 167 311 179 312 180 313 181 314 182 315 183 316 184 317 185 318 186 319 187 320 188 321 200 322 201 323 202 324 203 325 204 326 205 327 206 328 207 329 208 330 209
DEPOLARIZE2(0.01) 231 11 232 12 233 13 234 14 235 15 236 16 237 17 238 18 239 19 240 20 241 32 242 33 243 34 244 35 245 36 246 37 247 38 248 39 249 40 250 41 251 53 252 54 253 55 254 56 255 57 256 58 257 59 258 60 259 61 260 62 261 74 262 75 263 76 264 77 265 78 266 79 267 80 268 81 269 82 270 83 271 95 272 96 273 97 274 98 275 99 276 100 277 101 278 102 279 103 280 104 281 116 282 117 283 118 284 119 285 120 286 121 287 122 288 123 289 124 290 125 291 137 292 138 293 139 294 140 295 141 296 142 297 143 298 144 299 145 300 146 301 158 302 159 303 160 304 161 305 162 306 163 307 164 308 165 309 166 310 167 311 179 312 180 313 181 314 182 315 183 316 184 317 185 318 186 319 187 320 188 321 200 322 201 323 202 324 203 325 204 326 205 327 206 328 207 329 208 330 209
DEPOLARIZE1(0.001) 0 1 2 3 4 5 6 7 8 9 10 21 22 23 24 25 26 27 28 29 30 31 42 43 44 45 46 47 48 49 50 51 52 63 64 65 66 67 68 69 70 71 72 73 84 85 86 87 88 89 90 91 92 93 94 105 106 107 108 109 110 111 112 113 114 115 126 127 128 129 130 131 132 133 134 135 136 147 148 149 150 151 152 153 154 155 156 157 168 169 170 171 172 173 174 175 176 177 178 189 190 191 192 193 194 195 196 197 198 199 210 211 212 213 214 215 216 217 218 219 220 221 222 223 224 225 226 227 228 229 230 331 332 333 334 335 336 337 338 339 340 341 342 343 344 345 346 347 348 349 350 351 352 353 354 355 356 357 358 359 360 361 362 363 364 365 366 367 368 369 370 371 372 373 374 375 376 377 378 379 380 381 382 383 384 385 386 387 388 389 390 391 392 393 394 395 396 397 398 399 400 401 402 403 404 405 406 407 408 409 410 411 412 413 414 415 416 417 418 419 420 421 422 423 424 425 426 427 428 429 430 431 432 433 434 435 436 437 438 439 440
TICK
H 0 1 2 3 4 5 6 7 8 9 10 11 12 13 14 15 16 17 18 19 20 21 22 23 24 25 26 27 28 29 30 31 32 33 34 35 36 37 38 39 40 41 42 43 44 45 46 47 48 49 50 51 52 53 54 55 56 57 58 59 60 61 62 63 64 65 66 67 68 69 70 71 72 73 74 75 76 77 78 79 80 81 82 83 84 85 86 87 88 89 90 91 92 93 94 95 96 97 98 99 100 101 102 103 104 105 106 107 108 109 110 111 112 113 114 115 116 117 118 119 120 121 122 123 124 125 126 127 128 129 130 131 132 133 134 135 136 137 138 139 140 141 142 143 144 145 146 147 148 149 150 151 152 153 154 155 156 157 158 159 160 161 162 163 164 165 166 167 168 169 170 171 172 173 174 175 176 177 178 179 180 181 182 183 184 185 186 187 188 189 190 191 192 193 194 195 196 197 198 199 200 201 202 203 204 205 206 207 208 209 210 211 212 213 214 215 216 217 218 219 220 221 222 223 224 225 226 227 228 229 230 231 232 233 234 235 236 237 238 239 240 241 242 243 244 245 246 247 248 249 250 251 252 253 254 255 256 257 258 259 260 261 262 263 264 265 266 267 268 269 270 271 272 273 274 275 276 277 278 279 280 281 282 283 284 285 286 287 288 289 290 291 292 293 294 295 296 297 298 299 300 301 302 303 304 305 306 307 308 309 310 311 312 313 314 315 316 317 318 319 320 321 322 323 324 325 326 327 328 329 330
DEPOLARIZE1(0.001) 0 1 2 3 4 5 6 7 8 9 10 11 12 13 14 15 16 17 18 19 20 21 22 23 24 25 26 27 28 29 30 31 32 33 34 35 36 37 38 39 40 41 42 43 44 45 46 47 48 49 50 51 52 53 54 55 56 57 58 59 60 61 62 63 64 65 66 67 68 69 70 71 72 73 74 75 76 77 78 79 80 81 82 83 84 85 86 87 88 89 90 91 92 93 94 95 96 97 98 99 100 101 102 103 104 105 106 107 108 109 110 111 112 113 114 115 116 117 118 119 120 121 122 123 124 125 126 127 128 129 130 131 132 133 134 135 136 137 138 139 140 141 142 143 144 145 146 147 148 149 150 151 152 153 154 155 156 157 158 159 160 161 162 163 164 165 166 167 168 169 170 171 172 173 174 175 176 177 178 179 180 181 182 183 184 185 186 187 188 189 190 191 192 193 194 195 196 197 198 199 200 201 202 203 204 205 206 207 208 209 210 211 212 213 214 215 216 217 218 219 220 221 222 223 224 225 226 227 228 229 230 231 232 233 234 235 236 237 238 239 240 241 242 243 244 245 246 247 248 249 250 251 252 253 254 255 256 257 258 259 260 261 262 263 264 265 266 267 268 269 270 271 272 273 274 275 276 277 278 279 280 281 282 283 284 285 286 287 288 289 290 291 292 293 294 295 296 297 298 299 300 301 302 303 304 305 306 307 308 309 310 311 312 313 314 315 316 317 318 319 320 321 322 323 324 325 326 327 328 329 330 331 332 333 334 335 336 337 338 339 340 341 342 343 344 345 346 347 348 349 350 351 352 353 354 355 356 357 358 359 360 361 362 363 364 365 366 367 368 369 370 371 372 373 374 375 376 377 378 379 380 381 382 383 384 385 386 387 388 389 390 391 392 393 394 395 396 397 398 399 400 401 402 403 404 405 406 407 408 409 410 411 412 413 414 415 416 417 418 419 420 421 422 423 424 425 426 427 428 429 430 431 432 433 434 435 436 437 438 439 440
TICK
X_ERROR(0.05) 221 222 223 224 225 226 227 228 229 230 231 232 233 234 235 236 237 238 239 240 241 242 243 244 245 246 247 248 249 250 251 252 253 254 255 256 257 258 259 260 261 262 263 264 265 266 267 268 269 270 271 272 273 274 275 276 277 278 279 280 281 282 283 284 285 286 287 288 289 290 291 292 293 294 295 296 297 298 299 300 301 302 303 304 305 306 307 308 309 310 311 312 313 314 315 316 317 318 319 320 321 322 323 324 325 326 327 328 329 330 0 1 2 3 4 5 6 7 8 9 10 11 12 13 14 15 16 17 18 19 20 21 22 23 24 25 26 27 28 29 30 31 32 33 34 35 36 37 38 39 40 41 42 43 44 45 46 47 48 49 50 51 52 53 54 55 56 57 58 59 60 61 62 63 64 65 66 67 68 69 70 71 72 73 74 75 76 77 78 79 80 81 82 83 84 85 86 87 88 89 90 91 92 93 94 95 96 97 98 99 100 101 102 103 104 105 106 107 108 109 110 111 112 113 114 115 116 117 118 119 120 121 122 123 124 125 126 127 128 129 130 131 132 133 134 135 136 137 138 139 140 141 142 143 144 145 146 147 148 149 150 151 152 153 154 155 156 157 158 159 160 161 162 163 164 165 166 167 168 169 170 171 172 173 174 175 176 177 178 179 180 181 182 183 184 185 186 187 188 189 190 191 192 193 194 195 196 197 198 199 200 201 202 203 204 205 206 207 208 209 210 211 212 213 214 215 216 217 218 219 220
M 221 222 223 224 225 226 227 228 229 230 231 232 233 234 235 236 237 238 239 240 241 242 243 244 245 246 247 248 249 250 251 252 253 254 255 256 257 258 259 260 261 262 263 264 265 266 267 268 269 270 271 272 273 274 275 276 277 278 279 280 281 282 283 284 285 286 287 288 289 290 291 292 293 294 295 296 297 298 299 300 301 302 303 304 305 306 307 308 309 310 311 312 313 314 315 316 317 318 319 320 321 322 323 324 325 326 327 328 329 330 0 1 2 3 4 5 6 7 8 9 10 11 12 13 14 15 16 17 18 19 20 21 22 23 24 25 26 27 28 29 30 31 32 33 34 35 36 37 38 39 40 41 42 43 44 45 46 47 48 49 50 51 52 53 54 55 56 57 58 59 60 61 62 63 64 65 66 67 68 69 70 71 72 73 74 75 76 77 78 79 80 81 82 83 84 85 86 87 88 89 90 91 92 93 94 95 96 97 98 99 100 101 102 103 104 105 106 107 108 109 110 111 112 113 114 115 116 117 118 119 120 121 122 123 124 125 126 127 128 129 130 131 132 133 134 135 136 137 138 139 140 141 142 143 144 145 146 147 148 149 150 151 152 153 154 155 156 157 158 159 160 161 162 163 164 165 166 167 168 169 170 171 172 173 174 175 176 177 178 179 180 181 182 183 184 185 186 187 188 189 190 191 192 193 194 195 196 197 198 199 200 201 202 203 204 205 206 207 208 209 210 211 212 213 214 215 216 217 218 219 220
DETECTOR(1, 0, 1) rec[-221] rec[-210] rec[-200] rec[-441]
DETECTOR(1, 2, 1) rec[-220] rec[-210] rec[-209] rec[-199] rec[-440]
DETECTOR(1, 4, 1) rec[-219] rec[-209] rec[-208] rec[-198] rec[-439]
DETECTOR(1, 6, 1) rec[-218] rec[-208] rec[-207] rec[-197] rec[-438]
DETECTOR(1, 8, 1) rec[-217] rec[-207] rec[-206] rec[-196] rec[-437]
DETECTOR(1, 10, 1) rec[-216] rec[-206] rec[-205] rec[-195] rec[-436]
DETECTOR(1, 12, 1) rec[-215] rec[-205] rec[-204] rec[-194] rec[-435]
DETECTOR(1, 14, 1) rec[-214] rec[-204] rec[-203] rec[-193] rec[-434]
DETECTOR(1, 16, 1) rec[-213] rec[-203] rec[-202] rec[-192] rec[-433]
DETECTOR(1, 18, 1) rec[-212] rec[-202] rec[-201] rec[-191] rec[-432]
DETECTOR(1, 20, 1) rec[-211] rec[-201] rec[-190] rec[-431]
DETECTOR(3, 0, 1) rec[-200] rec[-189] rec[-179] rec[-430]
DETECTOR(3, 2, 1) rec[-199] rec[-189] rec[-188] rec[-178] rec[-429]
DETECTOR(3, 4, 1) rec[-198] rec[-188] rec[-187] rec[-177] rec[-428]
DETECTOR(3, 6, 1) rec[-197] rec[-187] rec[-186] rec[-176] rec[-427]
DETECTOR(3, 8, 1) rec[-196] rec[-186] rec[-185] rec[-175] rec[-426]
DETECTOR(3, 10, 1) rec[-195] rec[-185] rec[-184] rec[-174] rec[-425]
DETECTOR(3, 12, 1) rec[-194] rec[-184] rec[-183] rec[-173] rec[-424]
DETECTOR(3, 14, 1) rec[-193] rec[-183] rec[-182] rec[-172] rec[-423]
DETECTOR(3, 16, 1) rec[-192] rec[-182] rec[-181] rec[-171] rec[-422]
DETECTOR(3, 18, 1) rec[-191] rec[-181] rec[-180] rec[-170] rec[-421]
DETECTOR(3, 20, 1) rec[-190] rec[-180] rec[-169] rec[-420]
DETECTOR(5, 0, 1) rec[-179] rec[-168] rec[-158] rec[-419]
DETECTOR(5, 2, 1) rec[-178] rec[-168] rec[-167] rec[-157] rec[-418]
DETECTOR(5, 4, 1) rec[-177] rec[-167] rec[-166] rec[-156] rec[-417]
DETECTOR(5, 6, 1) rec[-176] rec[-166] rec[-165] rec[-155] rec[-416]
DETECTOR(5, 8, 1) rec[-175] rec[-165] rec[-164] rec[-154] rec[-415]
DETECTOR(5, 10, 1) rec[-174] rec[-164] rec[-163] rec[-153] rec[-414]
DETECTOR(5, 12, 1) rec[-173] rec[-163] rec[-162] rec[-152] rec[-413]
DETECTOR(5, 14, 1) rec[-172] rec[-162] rec[-161] rec[-151] rec[-412]
DETECTOR(5, 16, 1) rec[-171] rec[-161] rec[-160] rec[-150] rec[-411]
DETECTOR(5, 18, 1) rec[-170] rec[-160] rec[-159] rec[-149] rec[-410]
DETECTOR(5, 20, 1) rec[-169] rec[-159] rec[-148] rec[-409]
DETECTOR(7, 0, 1) rec[-158] rec[-147] rec[-137] rec[-408]
DETECTOR(7, 2, 1) rec[-157] rec[-147] rec[-146] rec[-136] rec[-407]
DETECTOR(7, 4, 1) rec[-156] rec[-146] rec[-145] rec[-135] rec[-406]
DETECTOR(7, 6, 1) rec[-155] rec[-145] rec[-144] rec[-134] rec[-405]
DETECTOR(7, 8, 1) rec[-154] rec[-144] rec[-143] rec[-133] rec[-404]
DETECTOR(7, 10, 1) rec[-153] rec[-143] rec[-142] rec[-132] rec[-403]
DETECTOR(7, 12, 1) rec[-152] rec[-142] rec[-141] rec[-131] rec[-402]
DETECTOR(7, 14, 1) rec[-151] rec[-141] rec[-140] rec[-130] rec[-401]
DETECTOR(7, 16, 1) rec[-150] rec[-140] rec[-139] rec[-129] rec[-400]
DETECTOR(7, 18, 1) rec[-149] rec[-139] rec[-138] rec[-128] rec[-399]
DETECTOR(7, 20, 1) rec[-148] rec[-138] rec[-127] rec[-398]
DETECTOR(9, 0, 1) rec[-137] rec[-126] rec[-116] rec[-397]
DETECTOR(9, 2, 1) rec[-136] rec[-126] rec[-125] rec[-115] rec[-396]
DETECTOR(9, 4, 1) rec[-135] rec[-125] rec[-124] rec[-114] rec[-395]
DETECTOR(9, 6, 1) rec[-134] rec[-124] rec[-123] rec[-113] rec[-394]
DETECTOR(9, 8, 1) rec[-133] rec[-123] rec[-122] rec[-112] rec[-393]
DETECTOR(9, 10, 1) rec[-132] rec[-122] rec[-121] rec[-111] rec[-392]
DETECTOR(9, 12, 1) rec[-131] rec[-121] rec[-120] rec[-110] rec[-391]
DETECTOR(9, 14, 1) rec[-130] rec[-120] rec[-119] rec[-109] rec[-390]
DETECTOR(9, 16, 1) rec[-129] rec[-119] rec[-118] rec[-108] rec[-389]
DETECTOR(9, 18, 1) rec[-128] rec[-118] rec[-117] rec[-107] rec[-388]
DETECTOR(9, 20, 1) rec[-127] rec[-117] rec[-106] rec[-387]
DETECTOR(11, 0, 1) rec[-116] rec[-105] rec[-95] rec[-386]
DETECTOR(11, 2, 1) rec[-115] rec[-105] rec[-104] rec[-94] rec[-385]
DETECTOR(11, 4, 1) rec[-114] rec[-104] rec[-103] rec[-93] rec[-384]
DETECTOR(11, 6, 1) rec[-113] rec[-103] rec[-102] rec[-92] rec[-383]
DETECTOR(11, 8, 1) rec[-112] rec[-102] rec[-101] rec[-91] rec[-382]
DETECTOR(11, 10, 1) rec[-111] rec[-101] rec[-100] rec[-90] rec[-381]
DETECTOR(11, 12, 1) rec[-110] rec[-100] rec[-99] rec[-89] rec[-380]
DETECTOR(11, 14, 1) rec[-109] rec[-99] rec[-98] rec[-88] rec[-379]
DETECTOR(11, 16, 1) rec[-108] rec[-98] rec[-97] rec[-87] rec[-378]
DETECTOR(11, 18, 1) rec[-107] rec[-97] rec[-96] rec[-86] rec[-377]
DETECTOR(11, 20, 1) rec[-106] rec[-96] rec[-85] rec[-376]
DETECTOR(13, 0, 1) rec[-95] rec[-84] rec[-74] rec[-375]
DETECTOR(13, 2, 1) rec[-94] rec[-84] rec[-83] rec[-73] rec[-374]
DETECTOR(13, 4, 1) rec[-93] rec[-83] rec[-82] rec[-72] rec[-373]
DETECTOR(13, 6, 1) rec[-92] rec[-82] rec[-81] rec[-71] rec[-372]
DETECTOR(13, 8, 1) rec[-91] rec[-81] rec[-80] rec[-70] rec[-371]
DETECTOR(13, 10, 1) rec[-90] rec[-80] rec[-79] rec[-69] rec[-370]
DETECTOR(13, 12, 1) rec[-89] rec[-79] rec[-78] rec[-68] rec[-369]
DETECTOR(13, 14, 1) rec[-88] rec[-78] rec[-77] rec[-67] rec[-368]
DETECTOR(13, 16, 1) rec[-87] rec[-77] rec[-76] rec[-66] rec[-367]
DETECTOR(13, 18, 1) rec[-86] rec[-76] rec[-75] rec[-65] rec[-366]
DETECTOR(13, 20, 1) rec[-85] rec[-75] rec[-64] rec[-365]
DETECTOR(15, 0, 1) rec[-74] rec[-63] rec[-53] rec[-364]
DETECTOR(15, 2, 1) rec[-73] rec[-63] rec[-62] rec[-52] rec[-363]
DETECTOR(15, 4, 1) rec[-72] rec[-62] rec[-61] rec[-51] rec[-362]
DETECTOR(15, 6, 1) rec[-71] rec[-61] rec[-60] rec[-50] rec[-361]
DETECTOR(15, 8, 1) rec[-70] rec[-60] rec[-59] rec[-49] rec[-360]
DETECTOR(15, 10, 1) rec[-69] rec[-59] rec[-58] rec[-48] rec[-359]
DETECTOR(15, 12, 1) rec[-68] rec[-58] rec[-57] rec[-47] rec[-358]
DETECTOR(15, 14, 1) rec[-67] rec[-57] rec[-56] rec[-46] rec[-357]
DETECTOR(15, 16, 1) rec[-66] rec[-56] rec[-55] rec[-45] rec[-356]
DETECTOR(15, 18, 1) rec[-65] rec[-55] rec[-54] rec[-44] rec[-355]
DETECTOR(15, 20, 1) rec[-64] rec[-54] rec[-43] rec[-354]
DETECTOR(17, 0, 1) rec[-53] rec[-42] rec[-32] rec[-353]
DETECTOR(17, 2, 1) rec[-52] rec[-42] rec[-41] rec[-31] rec[-352]
DETECTOR(17, 4, 1) rec[-51] rec[-41] rec[-40] rec[-30] rec[-351]
DETECTOR(17, 6, 1) rec[-50] rec[-40] rec[-39] rec[-29] rec[-350]
DETECTOR(17, 8, 1) rec[-49] rec[-39] rec[-38] rec[-28] rec[-349]
DETECTOR(17, 10, 1) rec[-48] rec[-38] rec[-37] rec[-27] rec[-348]
DETECTOR(17, 12, 1) rec[-47] rec[-37] rec[-36] rec[-26] rec[-347]
DETECTOR(17, 14, 1) rec[-46] rec[-36] rec[-35] rec[-25] rec[-346]
DETECTOR(17, 16, 1) rec[-45] rec[-35] rec[-34] rec[-24] rec[-345]
DETECTOR(17, 18, 1) rec[-44] rec[-34] rec[-33] rec[-23] rec[-344]
DETECTOR(17, 20, 1) rec[-43] rec[-33] rec[-22] rec[-343]
DETECTOR(19, 0, 1) rec[-32] rec[-21] rec[-11] rec[-342]
DETECTOR(19, 2, 1) rec[-31] rec[-21] rec[-20] rec[-10] rec[-341]
DETECTOR(19, 4, 1) rec[-30] rec[-20] rec[-19] rec[-9] rec[-340]
DETECTOR(19, 6, 1) rec[-29] rec[-19] rec[-18] rec[-8] rec[-339]
DETECTOR(19, 8, 1) rec[-28] rec[-18] rec[-17] rec[-7] rec[-338]
DETECTOR(19, 10, 1) rec[-27] rec[-17] rec[-16] rec[-6] rec[-337]
DETECTOR(19, 12, 1) rec[-26] rec[-16] rec[-15] rec[-5] rec[-336]
DETECTOR(19, 14, 1) rec[-25] rec[-15] rec[-14] rec[-4] rec[-335]
DETECTOR(19, 16, 1) rec[-24] rec[-14] rec[-13] rec[-3] rec[-334]
DETECTOR(19, 18, 1) rec[-23] rec[-13] rec[-12] rec[-2] rec[-333]
DETECTOR(19, 20, 1) rec[-22] rec[-12] rec[-1] rec[-332]
OBSERVABLE_INCLUDE(0) rec[-221] rec[-220] rec[-219] rec[-218] rec[-217] rec[-216] rec[-215] rec[-214] rec[-213] rec[-212] rec[-211]
DEPOLARIZE1(0.001) 331 332 333 334 335 336 337 338 339 340 341 342 343 344 345 346 347 348 349 350 351 352 353 354 355 356 357 358 359 360 361 362 363 364 365 366 367 368 369 370 371 372 373 374 375 376 377 378 379 380 381 382 383 384 385 386 387 388 389 390 391 392 393 394 395 396 397 398 399 400 401 402 403 404 405 406 407 408 409 410 411 412 413 414 415 416 417 418 419 420 421 422 423 424 425 426 427 428 429 430 431 432 433 434 435 436 437 438 439 440